820 2716
810 550
776 85
371 654
391 307
781 476
443 673
674 620
188 785
109 660
183 376
333 171
462 305
579 569
670 640
42 88
422 2
711 811
333 397
558 389
344 357
211 282
62 446
602 419
787 280
381 385
578 802
131 652
83 618
321 532
802 487
234 296
144 107
328 280
589 45
756 610
6 202
215 64
552 604
68 726
375 453
627 49
578 32
687 61
636 667
88 353
456 709
365 320
465 521
729 37
267 162
88 272
785 673
756 444
91 399
766 312
432 647
771 812
185 337
573 392
187 53
635 217
487 670
689 467
716 625
607 226
49 339
466 330
601 317
362 267
145 295
533 278
661 321
317 268
497 398
669 214
653 700
601 316
640 521
39 521
633 432
7 149
172 545
563 179
106 135
451 23
416 19
681 663
703 749
466 255
51 257
306 11
141 436
73 205
146 23
440 467
611 675
248 262
191 46
301 207
512 562
218 684
53 9
680 488
96 548
6 369
574 605
48 114
266 137
587 618
557 495
292 168
721 797
394 213
305 502
569 84
39 257
799 637
462 645
223 433
351 91
723 482
635 529
372 379
618 321
619 341
436 507
274 490
729 499
626 199
38 812
20 303
772 777
148 502
21 283
580 110
181 37
509 645
757 236
707 558
8 551
351 209
261 46
378 81
286 62
422 179
537 28
616 397
709 592
197 235
625 321
110 269
437 35
475 583
704 746
464 724
670 735
711 328
616 651
126 70
717 428
441 478
739 131
665 804
362 442
487 68
398 714
474 203
153 725
99 177
692 333
630 741
553 467
237 589
159 450
550 588
20 433
499 413
504 466
753 785
42 184
425 485
697 201
533 373
169 59
685 536
374 721
378 540
508 707
72 404
311 629
604 357
731 279
719 84
812 556
541 597
232 532
34 502
71 490
403 234
167 392
501 787
500 781
782 159
326 363
772 516
794 226
703 443
375 111
512 201
134 782
321 215
251 751
732 764
402 112
769 468
528 659
232 208
582 752
721 28
243 496
208 702
212 203
417 805
788 329
471 783
457 639
403 535
216 531
73 20
274 344
760 314
597 483
238 618
145 319
574 294
808 360
216 764
202 409
633 270
688 751
636 352
159 321
58 568
556 276
313 670
354 114
32 242
470 403
608 203
301 311
165 58
39 394
410 364
728 799
250 178
387 443
586 670
197 439
408 325
158 234
752 789
750 181
183 230
594 638
385 542
115 267
563 466
456 267
438 464
599 687
339 214
124 269
707 108
57 403
699 672
205 513
425 379
820 148
324 366
312 366
500 261
410 722
175 367
463 39
741 689
246 495
764 163
362 181
162 438
328 509
532 614
794 691
813 245
467 808
394 606
141 365
625 135
371 302
652 127
692 787
6 344
100 508
686 607
448 314
327 711
580 675
158 359
92 325
185 784
296 269
370 300
499 381
606 495
816 739
429 591
414 540
149 799
644 441
332 445
224 506
692 794
307 150
436 355
224 19
205 207
367 703
436 274
699 34
344 580
59 284
24 362
811 326
723 424
249 331
474 797
644 439
166 560
774 323
156 84
618 65
675 327
355 362
614 775
222 613
234 473
628 348
294 525
356 116
672 349
672 770
293 133
695 62
777 808
81 459
212 320
718 244
519 566
595 308
356 170
376 759
572 521
335 299
282 165
800 298
181 199
699 451
310 789
214 16
793 509
633 331
357 262
231 219
720 705
220 514
95 109
79 616
693 530
257 502
611 3
690 475
360 351
14 364
241 460
310 678
773 54
793 341
725 248
189 441
33 472
269 557
74 625
237 483
20 661
294 417
666 726
15 328
523 608
357 271
340 457
647 752
712 11
776 409
615 245
153 219
545 71
450 472
752 210
626 609
40 665
115 476
61 168
445 807
655 576
380 579
107 765
292 460
459 46
372 239
321 478
799 543
266 329
750 469
595 145
334 167
99 779
587 628
73 671
93 25
475 706
810 342
686 427
621 770
178 236
88 391
252 272
72 449
435 666
256 24
519 690
193 489
68 789
87 27
490 317
201 377
765 269
13 696
813 34
549 658
188 366
388 376
579 48
69 136
331 107
731 576
330 542
340 779
389 594
716 478
165 416
387 516
762 466
302 188
602 21
179 742
381 307
314 508
244 384
318 762
33 553
307 621
63 456
642 133
584 790
346 323
734 296
239 577
86 59
79 40
85 273
693 487
306 500
184 627
119 459
709 743
485 696
714 344
716 671
183 143
461 372
478 121
49 740
637 251
86 276
435 467
460 44
214 7
640 426
200 625
717 148
388 708
378 276
360 716
179 583
456 523
147 260
501 5
346 729
609 546
44 206
600 49
339 71
160 429
298 124
332 273
463 494
753 175
447 352
268 643
643 770
737 534
239 2
276 120
393 247
175 220
92 269
306 486
490 91
113 727
207 752
232 635
355 622
814 619
48 326
781 204
487 698
218 800
332 761
317 481
323 349
528 771
591 748
26 597
79 461
482 604
673 183
272 130
600 328
635 734
227 103
211 554
70 560
370 688
348 401
815 510
68 584
99 672
148 710
368 431
665 143
464 13
304 17
371 264
588 462
365 270
759 663
7 86
374 100
87 282
660 261
275 737
207 396
431 28
279 478
616 368
381 213
162 117
296 500
537 228
477 321
746 105
559 818
638 411
749 714
696 426
91 715
607 316
404 695
204 820
150 472
607 94
67 362
11 457
620 185
676 379
810 375
237 316
115 515
684 491
744 219
500 644
653 714
329 795
113 617
165 587
756 501
280 667
816 2
409 620
466 527
591 323
699 424
496 147
594 395
152 394
354 273
197 646
252 713
332 376
351 172
504 749
549 252
461 365
479 742
137 52
677 205
346 297
316 166
807 484
295 645
439 544
460 619
172 746
618 509
466 638
566 117
274 739
21 149
223 626
633 165
209 619
229 274
709 24
322 134
222 505
663 699
98 486
82 500
670 539
766 90
270 181
659 582
753 444
579 815
538 342
118 211
29 375
184 437
297 250
503 540
1 337
223 635
152 589
375 737
157 558
13 127
198 815
753 111
443 208
403 700
243 454
320 697
194 725
568 375
231 7
307 24
788 188
238 207
577 765
426 61
794 53
504 482
437 224
274 783
703 709
226 203
299 10
245 264
341 516
654 538
658 275
586 244
316 250
203 623
607 606
521 407
629 749
225 308
243 661
62 251
137 333
618 165
359 559
141 369
169 572
39 804
373 170
769 472
191 87
596 86
64 303
27 725
780 429
378 477
530 430
453 147
626 7
590 33
241 756
443 734
99 413
155 194
447 497
582 240
804 765
59 85
459 584
13 113
472 184
401 140
386 760
25 355
371 651
176 721
243 145
213 538
272 521
238 217
735 741
597 770
759 770
278 531
483 210
638 496
486 77
282 354
191 95
721 274
433 230
102 189
492 742
448 254
268 540
550 142
571 576
535 574
665 689
99 790
650 39
526 167
1 808
618 745
420 451
464 365
602 712
728 287
798 774
630 721
495 437
425 342
80 657
547 265
417 572
588 650
256 163
531 277
497 750
313 489
452 675
399 475
5 108
466 150
248 354
411 37
698 694
791 197
336 773
539 531
83 733
598 268
323 513
678 739
645 768
478 158
174 296
325 324
290 210
497 810
193 68
263 473
549 58
648 233
791 678
4 16
198 806
237 203
745 711
126 693
738 466
370 644
630 357
137 75
158 30
155 388
160 604
623 688
718 445
277 526
5 543
483 387
286 297
108 134
790 324
522 638
527 595
547 132
783 154
453 94
328 78
493 770
759 700
443 399
562 613
785 341
290 22
718 206
316 583
371 532
94 153
255 98
336 125
494 466
684 57
135 164
213 426
325 672
240 376
242 596
719 593
9 719
394 277
165 723
510 259
210 137
766 475
729 53
147 63
370 694
223 360
106 345
16 609
571 647
146 509
347 81
7 797
635 284
412 517
596 92
534 598
386 104
134 160
782 762
471 250
290 815
226 754
314 51
655 696
507 117
787 423
255 270
412 726
464 251
743 549
448 10
395 533
342 161
128 34
367 598
135 154
14 135
553 695
474 95
810 635
132 54
776 295
448 669
45 4
69 232
808 88
443 402
46 56
383 281
700 205
313 744
83 766
446 576
449 578
86 665
566 580
192 118
772 335
809 451
370 571
538 764
102 66
31 66
622 430
399 229
421 798
260 10
615 128
49 284
766 611
87 150
623 13
8 242
173 179
526 547
174 116
582 17
754 461
366 330
353 300
687 318
410 278
329 126
34 394
255 397
19 140
792 396
757 390
563 62
12 738
252 676
72 333
455 1
164 654
234 673
99 814
726 322
123 251
415 548
323 179
20 609
39 548
97 334
64 810
746 218
34 78
563 336
40 185
665 336
617 79
527 255
777 799
500 338
286 134
91 801
644 723
429 625
540 618
631 22
173 165
249 268
235 531
359 804
547 63
512 203
385 19
661 486
6 144
136 207
547 377
604 171
380 368
1 666
233 214
556 505
5 622
137 336
262 514
357 501
753 123
491 557
337 728
492 435
511 812
406 775
388 246
351 642
177 219
13 309
17 548
676 640
697 765
647 1
724 290
262 33
513 101
515 777
725 184
49 114
589 287
658 716
661 278
756 223
42 147
444 757
196 118
471 172
418 24
76 169
408 76
799 359
311 9
169 445
43 378
337 556
353 445
486 49
694 458
306 395
52 622
110 310
335 505
581 76
196 529
30 616
537 635
365 340
116 133
210 190
69 611
558 146
203 485
404 98
775 614
596 404
268 351
587 564
381 152
643 317
517 284
244 622
577 660
136 228
465 722
525 460
800 256
247 244
768 591
487 321
452 421
695 363
717 495
518 224
539 109
482 790
321 41
295 778
471 205
375 657
11 648
454 158
721 19
331 756
326 254
675 772
160 130
642 432
551 78
572 388
720 74
259 598
5 561
335 149
744 533
163 595
754 626
576 649
296 38
439 678
262 462
631 792
562 257
302 587
175 374
472 637
604 219
642 543
129 13
204 742
98 643
66 550
407 78
755 299
22 184
376 498
267 776
749 388
696 368
182 783
110 1
807 402
608 782
502 316
340 79
662 762
648 322
723 61
372 578
325 174
553 752
476 270
611 390
424 316
427 793
209 750
62 313
543 714
488 494
262 730
454 349
685 330
69 174
591 734
558 167
116 766
101 211
121 749
638 497
433 387
621 178
418 175
314 364
544 758
581 159
332 49
273 363
702 75
649 93
546 601
525 787
640 648
570 569
37 355
95 683
570 326
116 598
338 290
249 338
727 81
752 642
805 467
109 657
577 156
602 818
236 532
111 600
790 472
154 374
634 643
249 743
75 664
415 216
311 300
62 237
473 49
747 215
91 687
166 576
443 518
585 447
459 491
456 336
237 266
224 220
298 414
653 792
32 814
402 602
366 219
757 479
577 6
134 21
266 509
616 532
542 201
67 50
360 564
552 211
237 370
704 759
590 213
222 478
370 307
577 288
407 184
283 118
545 799
394 95
306 374
521 648
775 696
323 491
637 396
440 40
323 92
44 691
347 66
628 241
147 745
778 136
82 749
196 424
306 15
486 527
127 165
467 96
413 484
786 638
126 487
53 504
727 264
801 398
489 476
70 222
291 584
818 534
738 665
309 817
782 413
72 451
662 109
426 781
499 465
744 469
445 320
670 438
503 131
113 698
169 179
796 504
407 772
28 18
232 24
783 601
296 65
336 246
502 647
671 23
641 541
224 268
556 213
153 624
282 449
195 769
729 402
2 525
281 15
655 592
253 656
342 798
307 360
735 808
315 504
282 54
211 315
178 455
71 400
201 497
700 64
99 753
814 200
194 538
51 626
233 635
327 289
679 411
405 413
740 667
635 717
46 602
71 363
418 197
202 22
455 791
614 356
616 536
284 702
587 137
239 289
423 624
209 217
193 618
696 733
107 627
628 634
353 108
246 44
341 738
526 321
32 647
396 549
762 679
772 246
114 425
122 89
268 277
416 59
25 746
590 30
103 525
448 177
702 271
149 316
813 91
458 733
760 255
101 265
599 496
252 541
533 705
92 220
99 767
320 165
266 161
486 630
341 806
362 694
805 482
496 422
594 13
498 438
99 332
281 799
484 818
358 650
125 330
587 54
706 664
725 172
528 109
365 717
331 62
646 427
723 506
445 639
462 519
104 500
361 522
493 147
433 303
316 358
814 221
562 74
214 23
785 297
625 231
609 336
406 302
264 585
465 184
693 416
351 99
491 82
697 611
241 401
644 523
222 284
741 666
778 33
64 516
228 438
364 386
437 468
185 427
276 409
317 105
236 550
606 305
552 648
4 373
79 723
781 411
300 809
428 323
393 231
751 514
698 33
167 603
651 608
35 486
494 616
596 528
23 580
377 362
562 493
655 802
568 614
114 519
61 12
353 563
670 229
466 616
112 44
681 813
153 606
136 247
102 156
363 125
359 677
441 398
520 551
776 380
282 237
376 256
321 94
694 537
182 578
611 800
683 735
423 525
693 228
35 809
127 439
155 383
94 196
80 626
306 574
390 526
727 350
703 233
342 132
114 452
59 646
814 428
755 715
720 423
24 94
728 487
260 579
104 321
748 103
396 76
141 602
755 175
732 88
386 201
560 201
65 808
709 655
287 155
117 33
630 715
700 430
342 290
34 83
434 588
161 693
111 99
313 591
114 795
578 449
249 524
287 354
184 352
386 410
104 589
270 740
54 538
529 778
354 470
83 707
500 659
251 543
583 118
142 791
364 168
2 16
493 588
59 225
647 570
779 805
65 794
67 554
712 725
765 693
362 82
586 655
329 208
594 809
773 571
99 592
620 8
753 467
382 815
464 799
153 390
82 484
89 590
720 812
702 361
336 172
48 624
527 376
765 733
420 302
188 662
722 752
816 411
637 88
35 113
127 128
205 641
666 454
299 11
686 613
545 343
766 482
508 809
126 456
98 644
204 388
371 483
43 725
62 644
49 238
290 240
680 67
589 55
476 625
113 265
412 693
348 571
504 726
420 341
210 564
376 542
341 532
656 560
180 662
365 516
387 510
282 543
283 529
177 620
243 660
660 466
91 681
723 712
392 760
600 551
491 135
656 265
180 639
698 297
516 284
99 243
83 13
323 420
72 794
767 618
760 796
501 481
544 179
217 397
40 114
756 328
572 65
115 347
433 722
508 484
73 206
382 277
591 195
3 618
474 302
791 506
570 699
13 749
576 121
772 491
284 603
174 302
312 276
43 228
351 551
528 777
670 468
752 802
161 676
236 152
683 120
111 253
740 195
687 174
730 620
196 651
401 435
733 722
818 537
294 134
594 47
686 423
463 447
178 240
456 530
480 61
814 477
375 478
556 354
199 140
224 50
70 763
94 269
280 574
336 240
483 684
411 53
30 372
69 140
418 660
599 732
614 45
664 230
581 225
87 431
185 171
275 220
422 648
419 303
777 34
229 557
255 557
37 181
772 483
521 402
542 615
231 654
235 4
50 139
186 125
444 264
191 187
156 756
638 528
161 508
45 185
478 230
704 609
650 168
154 149
423 298
782 357
286 398
550 394
607 79
238 678
258 375
239 441
686 544
763 776
273 772
517 41
171 587
20 241
122 310
496 242
551 819
329 112
189 622
797 111
545 510
285 368
529 754
478 507
326 402
597 450
450 598
125 226
296 383
626 82
494 791
631 231
466 237
547 300
582 648
144 164
97 132
97 335
206 219
156 481
47 199
768 702
107 626
309 141
684 258
319 576
43 81
318 85
803 555
643 469
592 609
238 140
511 470
351 407
780 119
106 547
493 525
451 757
783 75
474 36
126 63
426 195
48 721
11 423
69 223
474 148
273 572
491 712
426 82
675 691
488 295
108 624
312 480
221 762
147 523
522 383
243 575
687 598
727 767
71 679
185 524
764 637
22 425
170 494
6 55
101 123
87 56
730 573
593 211
783 686
338 344
793 190
181 352
384 133
77 264
558 707
526 157
492 769
165 496
383 265
574 788
530 797
769 391
457 792
167 605
49 691
530 377
761 335
81 504
216 214
416 355
629 441
123 242
767 602
807 62
335 179
123 99
640 289
714 488
291 57
419 515
95 562
791 380
152 635
123 464
119 229
751 39
811 719
211 168
140 84
140 737
342 504
532 24
716 269
350 814
258 11
663 535
691 651
674 249
327 509
592 666
668 786
82 291
51 455
470 657
474 604
294 738
675 388
288 130
89 668
95 584
212 515
725 508
540 634
157 816
675 687
544 127
774 676
96 275
739 385
649 470
651 438
46 611
820 604
416 160
569 143
55 6
754 638
44 712
794 591
76 389
47 717
746 324
382 802
660 673
294 286
223 396
791 483
10 276
720 254
530 552
381 37
571 406
189 301
631 554
296 486
585 643
584 661
362 658
627 162
130 662
573 792
762 422
433 376
783 189
753 108
184 353
495 526
537 83
766 144
540 584
43 631
395 344
434 168
686 63
48 388
606 758
112 630
59 426
496 320
630 39
544 361
28 487
141 128
163 239
575 790
332 219
170 776
23 188
537 417
321 516
764 278
285 566
788 166
718 238
95 820
745 204
505 779
12 219
400 351
734 494
330 429
301 551
713 100
705 802
635 634
127 197
121 692
547 237
345 773
197 812
296 348
163 555
537 588
223 507
316 719
458 10
637 270
487 392
71 585
491 656
516 490
539 340
61 40
465 682
103 519
658 519
440 130
370 178
155 220
265 505
747 173
294 403
678 264
795 492
283 205
357 470
603 618
286 330
713 561
211 139
526 170
527 151
286 213
262 346
551 230
770 286
108 405
466 124
415 568
658 572
370 736
341 23
408 317
85 225
608 337
338 473
166 34
663 352
812 427
43 693
45 766
801 692
346 504
91 673
612 264
777 488
533 603
537 416
252 596
642 812
133 676
209 420
266 104
144 511
643 256
111 611
230 546
28 769
306 730
384 387
352 225
99 591
631 766
232 599
746 426
321 574
643 619
110 77
682 15
646 724
496 763
206 442
462 405
173 339
396 502
806 467
734 140
735 733
225 140
448 56
764 73
63 134
361 348
435 665
477 366
776 763
279 109
445 325
391 649
378 792
622 401
731 673
492 155
594 696
271 65
582 678
695 174
335 426
723 656
798 529
161 9
681 504
238 578
8 644
408 41
255 549
708 611
35 736
439 9
796 129
389 597
805 93
401 324
263 47
152 530
501 507
46 260
195 596
568 772
115 684
21 645
541 740
619 697
637 229
286 166
72 238
789 432
332 544
791 124
297 21
782 609
624 245
442 294
461 21
64 284
280 736
765 754
372 576
280 153
820 531
15 307
94 792
220 627
793 567
421 734
685 204
228 521
407 799
174 581
139 613
157 94
547 714
785 171
164 635
483 125
183 291
422 354
360 229
343 626
536 232
205 440
88 309
27 82
691 516
195 126
51 485
602 799
342 617
238 448
114 319
547 303
802 61
809 706
576 184
684 185
762 738
728 430
678 603
255 675
510 370
493 746
745 672
246 34
817 617
178 761
566 630
184 90
679 402
21 446
155 30
174 814
176 185
286 804
342 266
179 587
769 639
403 297
133 805
657 65
325 664
489 727
716 95
38 610
369 313
646 109
629 683
650 96
710 659
696 670
660 630
572 171
720 228
703 558
478 386
575 816
431 221
587 532
624 282
74 235
790 65
283 747
801 214
531 518
235 264
239 789
357 448
434 264
468 197
414 722
533 461
114 247
186 789
409 273
102 390
503 278
142 647
531 155
454 272
509 630
558 302
416 220
532 567
202 190
57 222
152 710
86 83
129 444
538 717
85 579
761 278
689 529
101 424
431 598
16 325
182 187
347 303
449 776
378 689
749 606
453 33
219 361
114 454
387 248
762 204
803 394
24 35
633 763
156 237
621 287
131 12
812 544
159 241
414 732
550 313
569 28
500 164
48 178
359 660
524 213
680 439
425 521
33 230
549 320
482 668
314 787
573 773
423 809
68 262
107 229
533 119
222 381
738 394
557 273
415 330
34 261
72 357
680 303
756 663
757 464
9 148
634 570
742 30
731 83
751 481
627 354
350 80
336 372
116 741
626 589
588 604
130 201
559 288
566 73
16 224
696 461
301 402
170 540
599 580
138 549
31 40
736 174
22 293
391 567
816 214
674 153
323 317
231 153
717 213
793 663
120 672
302 286
638 451
508 764
732 457
219 627
36 155
41 80
442 222
82 274
448 126
156 679
290 455
608 182
811 676
242 409
45 100
709 13
33 612
177 639
626 669
403 13
132 2
760 43
10 284
504 767
109 269
56 231
366 388
224 715
740 795
304 379
12 4
287 729
769 573
609 192
812 40
599 68
110 658
115 367
178 779
688 245
125 495
472 181
406 472
661 302
421 695
143 226
761 164
733 769
630 285
52 154
235 330
400 336
776 139
561 350
265 503
448 561
217 539
620 548
454 438
40 561
661 625
206 232
614 293
616 601
48 267
157 103
70 669
329 168
240 168
25 359
794 287
447 226
659 663
297 64
227 259
800 756
747 610
218 706
147 578
77 754
300 688
800 296
712 709
532 282
538 404
352 687
607 480
445 255
715 378
250 322
701 302
298 637
353 75
109 420
104 676
315 32
300 108
203 386
53 52
560 316
198 251
418 760
610 260
208 273
336 486
439 620
163 27
506 407
131 392
557 359
481 6
265 191
456 765
639 670
378 646
353 48
56 735
692 237
703 519
359 792
529 532
162 471
53 169
733 727
458 244
649 402
705 93
26 77
31 641
486 115
781 60
566 505
509 520
518 340
519 6
133 711
497 440
697 457
102 756
414 383
677 469
538 524
47 813
250 340
697 787
140 15
497 191
578 173
730 494
615 240
321 329
529 525
14 457
643 804
384 92
809 346
353 259
171 260
100 520
781 654
98 187
33 174
604 246
793 289
268 241
692 398
640 188
161 706
751 246
626 438
790 791
526 540
799 538
260 494
608 613
236 811
228 720
266 136
468 535
782 671
529 46
59 172
320 203
802 524
162 687
806 346
330 611
634 238
369 684
637 115
358 636
92 534
466 319
102 625
345 476
32 442
629 789
89 191
122 227
85 45
147 396
593 602
98 88
761 392
64 168
692 493
182 282
785 806
645 224
93 467
517 134
460 281
155 774
796 776
449 40
591 106
474 80
495 720
428 52
309 796
796 715
236 793
610 516
149 126
817 172
32 297
434 811
715 115
475 96
493 641
615 364
717 563
639 400
487 306
143 444
257 147
540 800
480 521
18 259
744 592
305 175
161 792
20 694
166 70
616 213
48 151
727 457
301 646
643 214
687 758
758 192
8 207
62 262
210 375
680 22
610 725
700 668
810 665
685 283
596 477
139 408
228 791
366 310
499 626
335 642
356 456
502 379
34 510
586 819
287 559
114 253
759 90
580 277
176 526
33 574
529 593
418 583
328 110
311 709
422 413
482 606
503 393
107 439
769 19
202 794
369 26
388 148
434 612
119 146
378 280
809 117
222 194
653 327
140 798
713 36
273 304
476 345
494 40
167 393
777 794
227 98
28 574
269 377
589 101
57 108
347 781
777 318
262 152
397 21
75 239
493 33
740 691
599 189
207 708
723 454
301 149
711 308
491 228
399 247
165 208
629 278
774 33
541 704
446 182
239 755
757 519
405 333
547 35
178 377
768 820
531 272
716 359
593 500
461 742
559 285
653 232
602 647
438 629
607 609
591 108
406 610
775 224
501 632
468 212
785 254
568 762
37 345
148 263
424 349
558 462
462 419
104 603
85 18
124 51
159 732
755 339
701 787
522 391
30 624
561 574
327 511
184 119
717 766
333 31
722 523
173 608
653 225
279 762
287 626
381 371
437 1
568 196
774 575
206 141
464 694
194 685
50 124
114 136
15 211
292 1
534 512
152 318
284 240
692 546
551 199
92 163
457 215
3 658
580 707
410 38
391 348
197 29
658 545
183 389
131 236
355 544
300 794
50 484
342 12
204 267
406 636
389 407
512 577
802 80
271 322
277 444
176 443
451 617
490 564
42 186
129 160
477 133
631 434
705 405
267 798
589 772
807 626
663 489
367 540
669 471
4 411
391 512
180 644
588 214
555 781
718 459
41 224
520 728
8 621
236 639
569 332
605 421
352 191
23 161
264 155
543 799
649 218
443 18
268 338
535 268
666 589
333 597
708 159
531 418
310 224
634 40
367 497
535 551
277 787
704 411
377 308
29 744
766 73
790 595
591 358
3 649
498 371
283 578
103 520
310 313
172 135
628 440
249 166
549 622
325 340
812 708
38 600
166 507
495 275
668 743
542 519
715 379
