1000 9878
655 923
142 714
952 338
584 430
402 783
593 32
367 853
564 423
911 269
893 301
573 121
254 761
863 661
789 722
872 120
752 480
412 203
309 91
436 193
850 254
517 902
65 233
601 975
817 826
855 966
826 568
846 882
753 492
670 489
303 128
151 844
248 683
728 373
692 208
285 518
187 536
226 126
557 986
48 667
395 759
36 739
255 505
540 179
961 866
729 254
342 699
787 538
771 481
679 728
600 211
421 589
344 779
628 539
663 36
760 403
893 456
603 815
288 722
438 836
974 954
390 731
598 714
14 939
770 93
370 537
244 2
542 632
923 534
817 47
775 676
323 802
909 535
1 58
276 500
314 35
944 438
825 661
737 353
665 508
756 941
135 480
505 805
957 764
755 69
612 730
580 120
798 51
309 14
898 765
168 962
99 630
336 100
669 318
963 1
158 317
878 236
350 581
850 629
427 204
209 569
273 742
248 55
865 908
479 240
725 744
341 76
852 758
317 358
502 930
428 833
454 961
900 187
282 638
890 267
272 359
375 321
179 490
682 511
888 808
856 262
711 120
14 472
161 548
491 477
199 932
765 827
415 732
696 286
201 832
532 652
882 633
352 724
406 497
372 152
744 618
345 809
629 305
166 529
616 676
668 967
279 323
653 513
306 287
272 147
115 981
520 953
119 997
603 952
430 836
913 670
608 850
666 126
616 977
656 440
949 717
71 835
590 721
131 630
563 539
306 720
254 234
76 766
2 761
738 719
462 503
279 775
564 859
2 616
495 117
560 130
428 338
581 788
565 703
124 321
702 632
241 601
161 186
513 909
237 879
163 532
100 441
985 597
206 937
915 894
313 208
741 176
200 638
562 840
694 665
298 403
394 661
397 306
237 435
38 44
998 350
593 592
763 23
66 829
910 80
236 237
184 950
403 526
723 645
540 981
748 848
452 470
326 506
112 50
455 290
390 871
156 861
782 953
452 548
371 923
202 15
627 128
444 99
995 838
101 795
529 110
801 641
291 847
643 226
610 115
719 407
135 582
860 368
339 91
733 375
738 175
560 659
634 492
463 506
275 816
662 940
75 706
616 440
166 799
885 221
259 107
745 554
706 800
619 1
33 998
414 293
680 155
83 188
605 95
201 265
954 201
718 358
591 28
686 256
107 595
625 914
383 5
176 200
488 842
567 436
271 747
401 624
220 688
204 269
315 620
959 399
686 589
821 426
604 814
417 60
464 497
574 411
48 752
632 382
493 122
756 512
351 364
65 915
947 621
855 844
507 34
159 853
826 434
332 399
684 146
247 60
566 432
735 283
277 927
670 498
920 593
647 998
448 338
375 265
394 792
566 722
952 866
991 67
683 914
44 924
830 839
781 257
435 253
737 589
41 86
494 856
652 562
959 694
891 708
343 865
1 736
923 193
818 921
835 781
359 507
417 848
948 564
933 440
148 736
64 447
248 332
895 106
607 422
3 204
687 382
871 493
162 631
816 745
434 801
128 604
10 547
568 861
961 957
185 575
673 722
926 764
598 905
158 778
766 511
162 345
200 28
54 939
917 487
519 375
336 716
550 895
828 629
760 931
153 315
432 118
802 152
585 280
16 525
241 466
152 125
834 617
996 792
417 111
200 329
648 765
685 702
63 254
247 333
475 846
407 92
939 63
298 973
615 119
688 381
212 907
928 460
910 716
15 488
733 707
312 97
773 188
207 912
299 301
542 507
467 831
164 869
259 669
749 876
542 266
786 840
346 755
96 982
374 141
783 149
172 662
221 534
729 35
912 525
553 269
165 127
826 795
22 984
922 602
830 867
905 392
123 749
985 250
839 243
1 851
809 36
409 438
464 839
965 681
268 463
783 472
843 325
883 816
936 961
822 989
533 678
164 31
673 767
184 693
24 906
283 887
934 638
899 912
886 327
391 177
145 591
392 908
852 322
250 668
966 702
714 303
665 161
546 612
4 964
129 871
183 209
993 877
133 556
767 951
271 690
368 793
21 423
243 235
285 274
340 867
132 635
884 352
30 94
911 499
815 791
423 310
229 230
200 500
842 911
169 523
811 212
726 289
142 854
487 74
973 376
276 920
610 891
584 780
602 98
768 304
398 111
132 747
535 890
635 214
285 967
288 85
569 196
290 959
554 400
238 985
645 103
497 353
498 570
373 702
744 830
253 484
448 58
777 256
856 263
273 33
754 474
633 836
524 557
317 809
190 521
193 507
141 123
472 302
127 86
460 660
737 742
184 738
991 697
726 574
197 420
330 263
802 685
395 833
469 688
185 661
628 944
616 835
671 861
304 261
858 884
654 549
692 664
913 669
311 66
442 159
177 410
784 142
309 35
608 962
542 597
393 578
125 405
254 235
349 557
499 192
157 410
199 724
80 655
556 192
560 131
252 246
599 979
232 227
638 815
107 805
751 20
114 251
612 334
464 41
980 966
985 596
91 809
266 749
436 716
778 395
748 653
968 533
436 11
755 495
292 60
63 276
948 110
215 697
734 603
714 239
311 830
310 663
683 139
540 816
243 688
228 292
770 933
29 309
531 47
489 784
218 510
611 381
39 764
886 801
572 925
285 604
861 765
780 473
599 119
782 15
765 877
549 768
53 922
239 942
360 148
627 884
260 797
887 318
107 232
490 752
986 541
736 760
899 254
886 114
10 859
892 711
767 469
948 593
164 118
934 932
774 905
278 88
279 241
680 126
895 138
420 441
454 551
724 111
942 34
980 209
488 655
881 265
163 409
736 437
183 970
679 961
598 144
503 974
136 863
590 643
497 720
211 53
897 745
638 143
435 598
828 739
204 747
339 406
68 56
628 16
149 153
309 960
215 168
200 223
509 843
383 886
116 851
688 116
621 970
483 449
746 345
396 804
181 10
163 563
391 495
336 45
890 652
780 642
915 157
772 754
298 121
81 383
601 576
412 225
360 818
986 10
694 715
787 471
237 116
790 906
864 738
26 879
8 302
781 717
809 668
652 894
881 407
910 386
108 374
151 810
65 45
670 514
963 532
524 31
640 593
806 66
297 82
946 321
293 230
848 611
912 117
101 941
771 939
408 671
351 961
62 524
871 270
193 419
766 544
624 73
73 213
553 67
957 940
421 659
192 229
818 105
856 140
815 328
956 568
861 133
573 241
297 558
425 609
559 322
563 775
440 782
662 73
884 841
25 436
335 147
541 964
84 657
970 670
962 798
727 514
488 905
505 557
418 972
917 486
699 146
668 963
81 159
263 197
34 15
785 845
846 86
355 601
941 322
979 627
376 540
33 461
108 775
384 913
224 592
996 214
103 744
930 164
553 807
976 170
977 135
318 393
270 728
180 426
678 665
114 402
42 439
848 965
805 499
366 260
995 372
440 364
341 74
497 324
958 475
959 870
456 922
678 37
401 15
75 240
496 395
776 45
905 399
869 966
188 496
365 615
863 248
351 916
652 471
744 624
378 786
45 431
93 381
580 881
376 303
672 364
202 471
754 744
650 835
689 943
141 6
33 835
266 801
679 824
166 725
116 416
667 848
951 533
581 250
948 815
453 375
36 161
684 757
301 67
491 833
396 729
188 603
570 367
589 513
236 815
582 660
998 255
746 108
825 667
293 853
984 198
559 922
158 1
842 801
94 899
135 371
802 44
533 428
96 439
902 19
211 870
397 985
111 257
189 599
228 35
284 333
656 824
274 183
4 860
904 322
752 572
209 539
375 466
178 554
90 302
881 105
973 601
556 583
868 369
645 247
95 64
946 438
14 478
143 766
156 319
791 802
64 171
874 510
69 438
14 329
40 196
41 173
278 194
351 904
283 415
814 204
549 77
169 369
649 575
317 921
782 765
804 413
678 434
700 94
741 806
44 538
465 619
675 648
150 712
845 712
735 564
425 331
352 419
577 702
136 932
315 240
395 209
378 635
644 516
519 664
776 660
941 198
980 412
549 385
701 582
352 417
483 889
174 446
803 10
861 256
807 50
335 617
215 135
676 875
533 238
208 351
608 701
390 1
637 426
513 18
501 871
542 135
208 125
355 766
798 956
637 140
820 924
533 305
384 712
775 404
820 771
566 315
440 207
795 583
924 865
156 155
36 224
273 849
5 426
613 837
936 814
427 456
765 522
969 809
53 446
282 327
958 403
606 417
947 801
146 131
610 956
682 465
496 68
687 729
579 619
360 659
89 507
914 252
644 21
296 187
334 919
226 36
559 267
182 212
331 483
740 525
279 131
597 900
890 126
47 423
967 278
736 616
278 89
944 933
796 926
719 262
845 967
79 103
482 623
391 363
857 521
72 975
220 223
97 396
416 82
186 810
391 248
909 891
914 723
737 92
37 677
951 113
810 915
615 164
746 21
219 191
917 50
920 330
115 126
480 705
449 950
964 115
379 565
430 691
448 434
975 669
689 786
428 304
67 112
730 720
967 733
739 642
242 982
613 165
634 908
586 751
744 187
433 226
812 748
962 129
963 872
929 968
693 31
307 972
863 707
541 91
742 708
212 599
764 388
967 801
534 313
493 922
365 430
47 775
535 530
259 271
497 296
535 643
303 975
238 752
995 791
237 515
457 484
169 312
502 340
175 374
692 908
434 908
645 626
502 455
144 121
438 895
461 566
249 868
676 239
20 523
24 590
546 751
675 465
469 984
37 548
512 511
324 16
626 656
823 110
935 624
862 528
3 637
758 577
953 433
1 76
337 52
380 42
2 558
172 749
240 676
763 78
289 954
401 672
642 638
312 261
720 386
739 702
884 445
726 424
466 754
27 916
661 307
739 527
997 203
267 636
87 343
955 715
560 313
669 121
755 181
48 621
103 969
17 754
15 27
146 406
312 978
367 564
886 588
887 189
412 117
215 608
860 891
130 930
576 670
773 92
332 316
173 768
64 442
393 384
325 581
165 236
408 943
835 572
430 256
792 745
388 284
523 843
809 301
819 208
123 751
443 740
282 170
775 512
161 895
326 83
118 977
779 581
197 462
572 142
280 566
705 491
832 959
382 213
735 723
59 146
421 519
898 5
115 875
331 870
297 666
707 687
871 96
818 364
286 302
874 150
160 130
629 158
253 186
492 918
224 138
917 505
780 775
430 632
381 214
241 611
572 673
404 19
64 968
229 2
525 597
86 629
323 69
585 314
823 784
646 984
132 613
78 217
873 247
968 797
147 352
924 632
526 732
263 462
466 726
267 523
200 502
38 970
761 999
225 901
233 626
218 198
327 296
455 247
937 524
78 618
815 631
651 766
987 586
735 460
259 681
868 227
445 174
262 556
625 857
158 731
493 866
15 886
296 465
401 89
274 489
539 415
740 308
304 876
212 365
438 763
402 325
761 396
946 262
175 200
677 506
536 714
296 111
540 146
870 681
744 621
793 570
176 532
247 731
273 466
849 825
848 856
381 267
278 45
481 151
585 777
549 174
552 94
538 145
813 361
887 920
901 935
382 64
440 967
593 561
885 375
888 453
372 94
586 820
288 991
576 354
775 834
346 416
883 251
314 194
478 977
742 2
286 36
627 254
484 229
771 713
521 574
600 821
821 339
369 316
264 672
561 958
946 900
964 333
712 318
734 831
494 148
741 189
212 973
855 165
693 587
646 128
617 496
302 698
609 884
683 141
540 818
123 472
929 781
549 556
472 208
12 589
852 627
723 818
985 22
145 175
611 460
598 285
151 881
86 430
588 996
311 591
576 996
154 315
761 424
274 698
744 570
31 604
334 519
481 465
724 395
136 660
286 682
322 739
417 841
571 552
662 833
169 364
76 437
343 861
245 843
443 625
999 17
758 471
141 383
714 387
510 38
996 873
391 251
103 173
819 708
548 14
89 329
185 544
793 929
956 315
32 571
270 875
452 10
54 962
97 365
81 800
262 255
780 888
879 274
715 789
846 457
314 230
465 383
158 975
896 244
769 122
915 961
683 301
955 448
523 846
491 231
569 326
91 134
76 338
721 3
354 620
204 494
886 758
907 515
711 505
488 265
716 401
365 61
12 840
153 753
65 769
534 552
397 706
824 82
643 758
327 385
312 934
822 559
327 661
450 844
288 159
703 331
411 91
317 230
705 115
670 965
528 980
891 872
748 183
14 407
722 421
308 624
37 30
458 37
833 646
944 868
268 294
914 368
554 795
908 790
875 205
801 82
126 449
974 563
135 935
800 486
182 454
398 643
610 389
956 249
188 851
300 885
1 508
625 704
735 527
689 867
652 113
102 184
528 47
984 609
968 294
24 523
55 18
93 987
793 957
442 85
889 804
528 190
177 416
609 421
849 502
479 695
867 893
119 716
838 247
393 664
362 895
889 518
116 414
547 968
271 712
238 277
337 68
319 252
157 241
507 238
436 668
497 830
265 464
688 225
462 716
871 656
198 790
699 995
579 89
617 174
380 539
935 994
87 342
698 297
76 197
461 445
158 487
56 43
878 54
716 437
809 621
557 675
651 546
69 813
855 962
513 517
203 91
159 979
423 598
155 284
981 920
428 1000
912 753
105 653
308 310
386 228
648 139
1000 766
529 376
912 512
490 532
482 691
937 211
294 848
66 915
32 815
108 122
454 10
331 477
960 395
541 610
265 959
967 328
284 782
442 565
121 114
28 458
400 738
596 5
681 631
748 456
785 338
92 292
48 159
338 164
672 588
477 367
427 614
687 396
67 527
710 807
760 228
673 755
28 910
419 283
827 118
898 311
153 363
671 41
86 539
567 72
626 516
661 3
519 325
581 828
345 572
107 941
383 776
5 941
267 957
380 2
609 540
976 249
573 953
298 797
885 839
929 149
358 969
507 385
489 654
399 57
419 855
354 532
636 418
912 928
380 224
570 784
38 858
26 818
243 552
970 319
801 204
68 581
790 944
167 275
838 972
160 35
454 965
203 71
313 523
573 744
208 735
915 591
813 931
730 380
536 557
459 942
406 683
338 693
528 909
678 71
991 388
848 926
889 326
905 425
69 436
765 823
507 555
74 474
862 115
387 443
229 534
744 622
943 214
14 766
818 231
754 699
44 645
463 125
605 292
808 90
838 339
705 502
192 303
600 220
982 794
107 444
409 601
183 995
831 823
334 373
617 639
409 34
712 645
16 140
365 909
439 138
945 1
603 557
821 437
159 27
590 725
77 446
25 227
819 905
768 693
366 932
58 93
730 587
876 829
932 767
520 187
280 126
619 653
893 30
142 612
694 81
241 415
742 877
684 807
769 319
94 780
55 542
938 414
688 169
925 180
472 516
811 53
778 438
707 484
13 683
157 929
111 404
308 248
63 273
981 894
285 823
513 732
584 509
221 479
857 177
149 674
271 373
424 340
80 502
6 757
242 157
598 219
602 278
485 946
416 647
456 980
284 829
297 132
260 792
563 225
451 859
487 137
514 551
398 906
256 493
726 750
532 787
311 364
828 186
955 685
408 565
724 507
364 506
663 104
956 214
616 787
389 79
728 877
503 961
953 840
793 823
650 1000
478 513
193 764
391 250
61 625
993 200
48 217
374 961
196 481
694 352
179 725
534 473
604 588
150 470
867 832
372 290
429 357
841 893
453 623
275 643
457 612
650 349
262 143
376 916
285 294
931 332
327 943
932 531
600 332
426 396
299 150
998 276
858 395
73 549
863 926
993 628
354 762
137 320
928 565
765 488
591 604
495 363
975 957
121 930
837 956
911 165
146 289
686 819
446 52
584 661
90 450
623 220
147 121
185 302
721 300
934 172
587 647
164 732
346 795
717 824
739 832
846 676
93 972
321 47
702 970
914 60
844 445
755 48
665 790
563 479
798 602
288 271
588 954
792 655
943 424
344 271
305 588
730 423
514 664
52 719
770 526
843 204
476 531
293 227
633 656
540 164
448 116
505 5
162 830
145 436
697 903
439 270
886 93
409 335
383 509
316 426
546 779
892 853
876 306
897 595
53 965
585 471
575 832
407 358
836 576
230 499
947 489
953 868
428 41
224 184
352 109
443 134
372 96
21 886
121 288
287 25
509 153
76 860
572 953
77 501
554 52
154 846
509 10
21 30
427 795
858 589
769 212
868 550
996 499
765 897
530 987
710 629
694 110
847 948
474 453
664 173
827 331
42 513
722 159
671 33
104 858
643 403
142 604
850 14
915 988
220 656
152 496
623 18
309 166
276 785
25 535
377 976
266 299
307 957
733 735
260 269
225 1000
446 464
717 843
220 805
724 90
441 688
298 235
722 251
69 812
929 408
678 894
772 503
596 723
482 399
356 436
963 612
201 589
553 736
977 576
36 712
890 355
47 6
929 677
341 703
331 335
869 963
526 92
196 839
366 63
299 890
139 737
781 178
45 759
743 480
482 160
2 571
842 51
974 845
242 916
741 783
581 762
512 867
992 600
101 561
404 902
953 640
499 458
687 399
447 618
818 362
512 897
710 804
768 571
269 546
236 923
332 730
206 199
209 184
779 413
690 304
569 961
698 807
957 774
182 666
323 950
729 303
152 46
614 34
392 637
764 923
342 380
286 89
618 702
366 235
663 965
339 902
390 171
284 682
530 846
823 643
772 919
521 401
816 851
46 808
547 709
436 908
328 525
812 295
175 771
539 58
981 744
947 568
777 795
517 886
114 437
26 819
632 586
116 731
318 59
498 716
786 793
165 428
682 198
541 1
104 370
14 131
329 595
411 917
796 992
795 779
373 811
714 937
967 9
1 770
972 353
361 696
723 605
460 589
942 697
264 876
122 92
288 422
92 628
667 98
761 259
676 508
880 159
240 830
3 106
121 13
139 410
800 432
931 646
568 588
636 919
763 571
412 829
847 395
79 61
690 498
628 559
366 431
106 253
876 393
839 535
254 13
97 470
560 970
49 75
380 611
124 729
662 231
96 42
573 536
280 929
707 538
484 385
591 180
388 719
704 472
980 637
111 979
258 539
388 606
581 799
820 633
324 264
660 226
989 618
722 359
355 658
727 154
640 158
626 779
989 667
829 870
333 343
688 170
802 446
342 201
660 960
94 668
954 741
574 650
316 654
856 939
468 561
161 415
200 611
384 634
612 424
296 688
389 231
104 223
322 138
252 335
455 106
683 143
502 942
477 324
389 776
621 439
289 428
536 923
991 197
354 138
194 355
70 726
937 153
723 648
373 783
514 693
465 793
13 255
269 85
112 134
738 70
921 606
724 405
943 710
801 644
325 206
68 140
58 587
338 331
339 94
925 827
605 263
474 827
678 477
606 970
280 624
26 28
935 875
700 236
851 104
177 41
840 503
409 845
162 735
859 787
883 443
483 777
672 996
432 121
300 64
983 861
163 840
145 821
438 466
903 124
64 899
910 808
106 258
180 525
661 58
189 132
413 129
696 611
569 731
417 70
8 613
742 782
263 387
643 385
930 156
517 940
938 371
846 792
59 614
155 615
651 858
541 263
817 566
232 82
713 741
843 562
904 398
54 63
786 974
916 317
57 462
196 192
557 701
691 631
393 280
855 824
627 649
152 593
27 335
108 370
145 248
116 876
627 566
712 6
739 208
632 864
373 882
265 679
611 490
748 177
379 498
46 880
5 574
28 369
857 991
658 216
64 804
524 753
709 699
361 581
199 649
862 475
19 735
738 221
885 11
295 144
589 823
609 217
583 248
727 449
641 710
609 74
996 670
817 5
837 458
15 898
163 151
440 624
276 478
793 44
244 458
524 132
876 759
881 987
571 99
664 831
793 221
984 188
654 946
15 672
54 206
777 625
190 414
119 492
580 2
817 368
379 323
198 901
548 480
664 221
848 330
261 177
314 937
51 741
363 855
237 818
129 967
607 312
794 979
394 485
911 184
608 441
574 834
441 838
171 221
323 422
971 370
167 361
389 831
639 777
195 608
944 935
513 539
493 891
956 629
938 24
591 966
156 77
969 998
71 98
533 293
860 997
311 659
810 222
577 249
282 919
778 560
623 582
467 846
518 566
748 149
554 874
494 889
740 625
359 389
487 208
507 766
23 82
814 331
760 464
415 260
951 758
952 720
735 847
370 817
305 986
37 483
116 428
193 685
340 692
93 908
847 39
685 328
153 79
727 589
49 46
380 600
254 97
880 560
58 468
262 298
375 727
672 812
971 344
15 998
197 783
846 404
831 576
262 197
599 789
102 900
49 651
979 674
90 500
547 998
270 579
314 271
579 281
546 178
855 444
988 707
972 760
702 465
99 636
980 943
6 542
303 375
781 815
618 723
341 776
142 859
346 958
506 154
118 426
511 279
639 860
285 849
919 534
612 4
906 399
180 168
9 768
156 81
491 322
753 43
695 904
241 785
857 117
753 900
58 850
353 278
944 863
955 919
670 745
218 680
75 865
848 559
615 619
669 527
49 654
641 834
624 6
531 466
921 498
813 580
176 535
230 350
261 898
353 97
672 763
66 662
898 117
679 984
421 568
337 437
672 618
89 968
799 164
983 971
487 696
996 598
542 606
298 635
550 819
127 614
419 313
629 992
565 520
488 852
747 438
437 133
747 554
986 366
824 637
775 986
10 56
980 860
180 635
162 239
333 342
741 41
364 112
416 366
77 849
557 455
150 999
872 39
502 742
104 177
517 873
403 457
646 135
904 354
652 960
544 729
412 9
344 367
939 520
100 788
764 467
113 231
298 307
227 107
29 417
530 134
752 314
143 681
558 712
990 896
27 128
320 182
249 272
835 761
549 779
715 31
165 50
493 613
667 464
373 959
601 84
622 578
1 670
300 716
407 970
306 219
491 221
383 475
481 71
88 351
128 58
309 889
934 552
684 923
634 502
802 714
840 617
824 536
698 523
771 221
268 403
650 918
867 612
202 717
77 463
115 804
408 324
872 937
437 6
842 445
419 324
97 354
813 108
138 868
271 576
681 906
148 789
603 401
10 250
713 313
551 521
219 32
368 806
555 586
591 312
472 311
120 411
121 838
693 456
401 696
807 368
707 164
622 336
506 559
696 723
881 745
495 373
530 550
15 402
212 739
968 988
368 659
612 510
316 659
958 198
726 354
927 713
930 383
825 147
75 284
55 770
777 16
597 511
816 634
468 709
285 793
215 600
308 430
772 285
187 791
592 824
209 309
835 439
543 910
820 1
877 48
553 650
899 914
203 1
543 728
491 266
110 114
848 969
995 906
722 942
302 294
621 188
783 349
34 824
455 764
136 292
669 582
52 632
53 801
519 792
222 168
245 73
66 684
58 620
184 671
370 778
944 581
377 860
969 406
999 54
231 904
842 255
516 636
934 679
780 57
253 801
92 97
285 873
975 430
979 939
653 406
755 848
186 93
733 501
449 997
158 927
505 929
859 830
826 447
172 239
211 627
931 362
309 386
699 774
573 801
277 159
764 992
831 856
182 350
949 850
417 97
509 731
826 143
440 318
884 441
336 127
484 15
980 916
33 433
955 606
26 938
569 464
609 983
705 528
191 273
597 513
592 110
510 985
152 575
601 976
755 593
982 87
826 707
430 920
725 319
908 753
263 938
412 480
550 186
477 424
965 625
640 562
606 381
403 588
902 662
562 767
264 262
70 942
611 150
334 979
600 421
911 541
1 710
528 767
173 448
339 936
738 649
71 417
734 227
138 569
207 97
580 653
496 841
546 813
799 429
352 412
760 265
887 944
458 321
728 807
123 815
453 370
609 228
679 900
996 812
872 850
317 707
28 794
33 928
395 57
942 115
702 922
261 720
693 765
313 613
8 881
742 26
101 354
621 875
972 539
560 157
250 853
651 54
104 809
513 163
536 342
479 586
690 995
105 129
487 859
219 409
95 634
242 26
935 716
803 593
255 864
421 44
271 784
575 189
525 737
670 131
583 614
341 791
380 227
184 78
354 386
526 962
433 785
51 414
693 83
787 18
695 741
916 758
954 545
902 961
507 849
290 953
545 181
416 783
237 345
477 746
3 715
869 916
528 896
239 912
331 365
227 300
134 776
653 824
781 323
730 413
749 335
623 714
476 469
648 392
227 701
65 266
840 656
487 247
2 285
193 622
270 547
709 259
624 229
606 917
793 856
500 96
214 786
951 507
168 474
22 405
478 699
816 422
86 742
594 231
166 980
742 439
263 106
836 184
841 838
76 757
348 370
17 187
659 682
851 285
211 698
358 319
745 862
476 376
319 160
11 243
470 820
418 211
9 278
980 861
396 830
328 732
826 327
848 275
209 207
247 307
858 212
217 708
713 719
459 259
336 214
501 644
655 841
623 197
492 457
591 667
51 506
126 898
848 29
497 438
698 745
182 526
929 769
913 388
754 278
863 392
866 444
539 462
646 422
470 21
222 403
815 218
912 214
377 458
430 316
235 804
680 695
22 922
139 730
156 852
770 984
899 228
97 820
294 750
633 874
503 700
217 467
992 967
495 764
187 295
559 419
728 961
287 193
349 71
353 908
461 563
893 522
533 585
5 865
561 304
169 916
516 552
309 651
71 796
438 33
901 951
607 471
724 954
193 950
965 304
719 833
154 523
853 196
20 944
572 613
461 34
730 733
712 96
252 169
551 921
223 632
208 207
635 616
128 997
397 907
841 557
938 369
261 236
246 570
108 575
345 283
720 185
811 18
726 238
99 260
869 488
760 128
147 122
220 860
494 295
920 698
338 967
389 217
485 608
53 364
56 448
611 270
60 536
759 414
961 451
908 718
975 448
624 643
221 523
424 307
423 575
256 542
657 859
658 52
601 781
196 878
171 627
70 835
40 242
938 727
944 792
486 659
782 924
179 201
236 494
348 720
420 229
386 949
783 528
176 577
463 572
373 180
451 598
912 228
54 529
127 997
956 245
102 34
926 965
231 907
426 610
75 430
789 467
629 20
10 554
192 409
266 944
943 606
345 921
269 571
220 47
917 383
439 866
996 664
867 784
686 180
64 707
67 676
638 173
875 781
966 740
457 948
629 822
998 213
396 529
567 11
846 41
738 654
465 114
569 644
225 469
54 204
813 172
738 865
500 414
643 761
376 546
783 307
696 513
409 798
442 802
362 893
523 164
686 624
930 190
759 687
426 129
319 990
401 453
309 212
574 832
939 69
801 36
15 102
364 708
972 11
910 497
90 340
18 217
955 295
754 207
458 272
740 398
910 96
108 336
421 125
248 691
526 176
692 216
506 119
143 736
21 468
19 430
4 186
633 704
100 515
661 980
814 478
942 275
246 236
891 761
965 658
583 231
52 605
770 896
862 42
407 781
641 917
344 787
978 686
52 510
983 707
710 121
936 664
932 3
222 935
709 540
334 285
822 758
710 367
610 276
866 650
334 396
52 475
983 545
452 63
880 562
238 127
757 340
975 397
871 236
345 870
436 587
382 267
401 57
353 519
941 510
444 698
107 157
51 948
968 36
186 481
595 775
512 337
931 265
860 353
592 527
280 294
335 689
51 850
189 736
930 194
406 867
996 71
246 610
983 331
859 217
268 983
566 448
711 660
203 234
939 318
796 349
982 112
949 361
844 113
276 786
521 82
5 449
482 430
209 686
854 190
17 499
164 614
825 420
175 459
650 35
278 506
596 609
455 310
147 513
739 123
339 873
426 563
677 177
532 660
348 745
616 541
737 767
905 655
502 401
838 31
802 676
675 654
322 954
913 773
607 487
480 110
300 825
943 929
31 187
895 440
128 970
809 453
793 968
222 530
135 137
320 183
837 511
710 775
37 743
975 353
478 843
889 992
671 120
474 358
106 301
750 530
852 503
457 733
775 95
524 477
48 494
285 463
17 881
268 974
327 596
312 339
461 142
778 80
910 621
265 204
432 619
177 44
631 424
863 323
484 855
547 627
197 161
325 380
956 277
872 184
910 318
624 521
103 193
290 619
735 303
800 153
897 846
708 740
734 380
554 14
275 974
80 633
902 716
227 506
601 41
71 181
734 271
139 926
844 379
569 214
596 500
317 213
65 356
283 429
126 607
472 354
314 589
867 315
887 676
308 959
974 728
894 872
600 13
970 899
199 567
663 100
755 888
641 590
914 698
610 365
573 567
187 4
27 639
945 208
709 119
214 831
620 854
949 696
667 574
867 759
228 591
335 821
618 179
927 81
842 443
515 339
449 799
894 111
680 417
755 999
812 166
116 811
135 403
46 538
347 105
186 409
224 732
617 923
615 384
319 199
532 704
162 158
327 568
996 313
545 327
284 749
945 749
485 316
343 178
626 810
788 45
461 259
636 375
432 535
454 724
647 683
685 628
63 416
726 352
48 583
431 332
750 106
809 628
869 376
587 187
839 336
588 208
865 829
703 225
550 156
425 29
498 637
209 758
530 232
481 336
91 758
19 405
277 889
244 716
423 655
134 838
350 484
429 991
490 735
120 688
601 295
869 776
222 825
705 257
505 363
32 597
792 629
425 790
221 127
461 560
67 905
432 314
50 841
13 339
913 717
183 39
884 848
991 924
408 307
46 485
174 286
953 383
469 994
918 169
281 212
524 48
664 915
239 365
3 611
12 726
279 726
375 637
955 846
370 351
615 343
266 98
750 714
189 874
940 230
228 208
443 854
769 458
113 656
96 418
320 790
637 221
855 10
693 347
538 451
839 817
521 393
367 860
833 552
65 966
855 251
492 387
642 666
368 568
321 237
194 21
656 866
380 328
755 428
683 187
157 599
407 475
308 396
730 785
313 498
248 837
798 555
813 547
363 404
237 371
354 177
319 935
355 248
946 397
436 100
359 672
285 541
329 405
81 312
630 357
443 653
833 5
687 998
982 678
331 464
139 741
925 990
416 562
770 897
295 926
169 286
376 310
184 772
433 145
749 651
733 262
291 783
183 869
511 168
171 805
244 885
233 508
748 453
953 795
610 418
885 236
849 555
615 4
338 48
927 408
806 501
162 258
879 627
591 47
480 417
137 960
512 564
470 588
879 736
646 707
958 753
846 986
48 116
12 407
110 406
699 183
901 543
958 576
280 103
188 688
854 529
581 807
86 655
840 127
380 936
551 979
57 379
77 72
484 94
176 359
90 245
617 591
357 313
605 215
531 716
261 693
329 996
916 402
954 717
81 303
962 336
371 278
656 831
558 46
521 375
5 46
152 750
934 743
416 35
949 455
643 676
682 194
62 32
48 926
985 403
17 353
131 489
193 32
122 134
621 96
886 844
317 95
544 13
171 632
514 685
255 311
60 295
153 579
559 207
965 740
657 179
416 936
876 530
532 661
30 291
490 279
473 611
112 237
770 97
973 918
577 405
690 140
653 24
529 10
791 609
19 792
956 207
136 988
124 807
141 341
144 71
823 281
681 352
26 489
234 245
201 139
443 194
262 378
173 85
641 259
183 156
421 775
500 768
489 17
310 1
660 406
670 523
104 760
836 201
530 908
125 30
493 474
76 582
2 609
367 65
7 2
102 822
360 401
417 190
246 941
797 339
512 429
752 994
976 218
746 508
267 557
580 173
971 465
844 289
527 284
858 69
986 62
165 507
534 860
612 84
803 605
48 555
912 784
91 975
869 724
599 303
986 848
768 387
143 261
327 40
717 992
97 767
282 776
948 148
967 88
570 642
19 376
443 580
812 72
565 397
549 776
677 195
681 128
866 156
114 921
244 536
529 468
801 559
641 818
745 223
61 239
500 305
365 697
538 477
923 42
795 422
944 604
748 510
70 150
476 217
161 944
724 119
515 769
231 97
205 518
336 955
742 375
19 590
815 259
914 714
275 936
202 712
975 471
443 238
372 184
694 357
823 3
456 115
185 923
242 668
755 998
702 803
507 652
648 323
335 586
506 840
177 664
710 514
567 399
91 510
608 196
190 486
263 366
327 571
219 82
185 230
60 982
24 164
66 291
971 582
410 849
87 219
121 120
517 936
220 568
580 867
228 19
484 997
711 614
802 478
324 526
91 781
863 699
775 497
156 327
985 297
103 930
776 450
844 212
338 965
834 990
507 170
125 727
956 621
489 160
677 389
734 718
346 663
133 339
263 976
13 829
126 670
201 549
203 403
166 616
27 97
28 222
819 253
473 953
476 488
886 39
135 767
227 358
84 229
839 151
865 504
573 39
329 941
634 55
562 312
197 467
819 366
277 694
386 34
545 703
639 139
876 303
537 767
921 344
775 589
48 594
818 240
103 126
505 731
213 650
680 209
789 465
745 525
362 824
236 940
755 676
223 922
210 19
393 561
637 664
710 844
503 9
257 66
993 856
650 747
816 255
249 568
346 354
777 740
408 65
941 297
229 23
991 148
489 378
641 21
681 884
775 166
997 18
46 322
836 400
788 83
536 492
220 621
295 125
869 314
601 650
531 691
454 678
275 497
812 312
9 189
221 201
108 541
971 409
509 570
926 603
298 69
137 65
265 404
911 53
200 703
960 965
190 990
318 147
377 565
123 41
434 404
416 119
807 853
938 4
338 824
679 287
865 845
26 621
265 711
322 400
697 708
10 524
858 820
377 384
602 715
986 554
183 582
278 318
226 231
245 185
305 764
435 337
630 4
888 611
631 757
16 504
608 298
790 308
98 284
260 755
927 357
32 626
699 266
360 71
615 950
926 551
158 589
983 938
349 318
145 983
96 3
358 342
718 167
119 686
171 966
525 765
341 720
125 121
306 693
660 356
399 496
331 65
516 768
719 827
775 117
244 345
825 232
987 243
290 385
663 960
209 87
872 273
267 947
492 706
823 670
437 79
590 191
484 355
333 430
850 728
690 881
128 330
712 966
612 290
833 523
661 862
416 181
648 992
21 610
8 287
778 367
962 192
387 201
68 579
472 844
257 703
973 448
61 277
511 698
761 699
925 750
138 736
787 901
255 673
860 965
352 896
922 532
777 271
818 741
985 172
792 716
98 111
151 219
178 151
658 141
917 857
630 241
355 573
692 988
87 922
719 389
131 932
562 448
108 371
697 819
455 999
701 779
961 614
311 6
383 257
993 53
908 58
365 903
439 128
334 494
634 688
3 758
358 464
913 549
272 427
457 993
367 354
701 606
229 333
128 234
976 558
707 942
618 127
391 963
440 667
821 756
464 225
125 142
860 327
882 267
646 974
372 537
964 293
624 91
789 830
955 554
871 726
342 480
513 820
933 437
163 751
699 545
846 944
912 898
161 402
159 891
769 723
899 668
891 390
494 270
977 848
173 927
269 396
952 114
885 818
9 153
302 556
194 461
324 856
97 766
653 631
605 862
182 945
331 189
616 349
658 94
967 488
773 703
23 432
673 133
763 271
527 832
860 657
753 821
607 150
404 713
934 545
178 10
770 838
572 222
735 882
404 696
994 168
98 341
279 264
31 891
988 398
992 841
455 971
349 68
6 687
717 244
210 778
310 522
951 427
482 726
432 495
784 84
287 35
490 189
185 553
766 272
638 180
50 901
111 796
920 291
849 387
44 171
728 512
488 805
654 808
926 424
894 508
368 858
718 14
59 671
870 325
803 268
181 224
163 941
557 261
530 659
349 299
739 539
223 394
156 254
85 501
945 636
753 427
994 951
265 127
13 713
548 830
882 96
169 987
761 785
298 241
85 215
492 191
442 996
189 377
317 420
411 931
658 416
1 931
553 654
844 443
167 422
942 536
65 36
552 410
377 378
504 465
160 464
514 739
731 619
882 725
95 128
151 146
27 331
635 503
40 245
368 162
188 405
689 869
967 349
37 232
494 977
430 57
823 418
491 189
667 222
136 518
836 575
853 647
273 403
292 137
809 353
59 142
529 638
136 917
638 502
840 393
254 511
666 13
244 49
546 743
196 444
896 538
609 77
58 317
665 211
573 490
704 204
776 852
617 866
712 850
909 1000
778 528
508 493
953 584
17 495
595 255
278 697
284 958
317 985
864 236
684 447
81 150
305 462
682 680
149 309
208 287
704 692
483 407
357 434
270 539
181 196
147 332
702 574
486 302
119 408
449 692
945 527
437 411
778 505
29 33
608 446
972 951
639 561
648 965
702 280
208 972
963 844
584 695
313 391
705 645
318 144
952 42
551 450
792 467
167 501
584 917
970 434
787 216
551 339
60 430
99 144
834 197
321 958
140 470
515 674
787 841
700 766
494 659
667 495
541 458
430 737
970 148
903 840
779 838
469 576
809 163
903 729
260 621
690 230
896 809
815 701
677 165
85 670
577 312
283 693
188 441
838 65
969 438
861 224
20 576
390 726
983 589
966 293
914 640
510 97
993 153
832 793
158 733
361 471
270 955
516 739
587 779
345 875
771 567
884 84
208 477
409 794
694 221
864 136
870 434
926 480
163 916
627 155
864 871
8 595
908 788
870 269
102 667
30 68
162 196
769 325
224 629
252 67
660 42
522 55
985 759
324 583
560 486
802 386
75 899
582 962
971 277
19 128
422 350
846 631
389 798
392 14
801 182
787 135
735 325
592 221
645 109
259 318
995 232
87 171
201 531
288 659
455 418
648 174
361 853
161 561
336 240
995 966
669 210
252 997
737 643
826 948
494 798
468 533
40 92
149 614
481 62
597 856
309 864
236 320
558 877
596 32
525 92
917 722
775 660
27 660
672 623
236 614
288 770
634 689
463 265
547 218
305 219
110 598
755 671
167 565
611 707
172 541
849 311
721 198
559 976
170 68
747 400
542 893
559 833
765 108
384 592
622 463
381 355
845 148
630 938
385 777
945 710
931 439
57 6
241 353
313 108
497 255
134 130
321 393
655 804
15 389
976 107
522 43
242 345
501 640
707 493
598 799
360 192
613 937
865 933
699 657
351 386
544 734
549 579
347 635
673 431
322 311
565 233
754 274
437 614
61 922
706 81
13 791
734 355
19 378
347 793
962 81
424 490
596 384
687 508
122 11
662 639
611 69
459 720
408 78
874 753
467 317
235 937
232 70
641 280
662 750
62 542
1000 987
307 341
734 44
425 738
580 690
347 661
981 413
984 367
474 773
218 939
150 28
540 492
711 634
654 412
201 212
208 701
347 712
414 272
699 418
612 833
594 820
645 840
345 818
913 512
21 3
349 662
427 820
202 912
50 533
253 122
73 716
680 420
962 722
833 974
581 876
638 919
784 386
333 19
299 143
642 428
572 743
841 576
295 91
354 757
426 262
773 119
488 83
341 803
823 705
560 391
262 819
373 782
48 747
655 824
233 673
418 469
720 189
167 242
939 93
741 217
579 242
119 213
347 470
55 437
82 857
887 355
74 131
18 241
151 975
570 384
725 294
339 599
331 203
591 921
672 13
948 362
109 850
915 355
916 904
27 99
355 302
334 923
801 600
365 633
900 388
687 956
433 281
142 451
221 346
877 292
387 504
836 681
945 876
766 558
362 272
70 97
348 835
573 150
888 696
351 600
706 633
416 414
303 677
842 105
297 532
237 970
999 45
451 491
514 215
303 835
45 594
483 986
447 639
641 728
106 78
253 173
435 928
868 606
638 32
659 669
419 500
774 318
704 518
232 263
659 522
738 893
64 788
581 721
893 223
702 575
884 390
209 250
993 694
781 948
927 906
472 596
128 433
716 719
972 801
721 103
704 851
673 132
948 571
830 466
891 192
412 223
341 239
927 680
722 489
90 417
38 129
117 904
942 859
639 823
604 730
273 784
240 333
458 284
277 952
848 140
26 760
502 973
29 499
857 242
190 830
212 338
617 168
400 300
553 378
645 298
740 744
579 554
336 135
977 218
883 908
248 405
843 382
883 829
719 419
97 880
994 254
831 171
540 310
880 800
97 225
558 854
488 674
1 507
935 856
884 768
322 216
875 975
927 305
729 474
758 920
227 832
67 759
12 172
396 723
112 640
411 99
102 47
788 684
348 363
77 355
557 25
832 568
788 275
113 599
461 21
443 502
281 471
871 974
996 788
971 712
633 54
613 147
371 856
834 576
580 108
470 156
989 688
739 709
632 371
356 19
105 277
806 342
218 92
811 193
744 252
946 872
268 892
180 400
290 720
703 68
920 757
302 679
393 201
768 267
281 956
531 28
683 809
332 345
687 673
907 801
982 487
490 993
571 159
914 127
327 214
5 350
796 437
468 984
584 769
434 152
821 988
148 990
596 476
952 198
340 18
677 189
347 986
848 549
250 259
583 199
148 828
153 866
227 561
563 939
862 405
629 438
633 947
879 946
456 380
790 65
663 461
577 692
746 773
712 653
324 179
849 532
707 626
746 916
267 21
106 119
605 79
219 828
201 281
755 670
239 305
736 904
500 771
376 785
876 678
861 278
846 506
793 238
647 255
667 709
750 534
966 947
642 797
531 177
662 472
332 987
71 24
688 67
941 367
77 168
402 681
720 436
276 242
738 805
135 329
232 238
454 538
756 641
143 666
416 356
215 876
308 178
860 615
111 303
411 699
449 492
414 546
623 192
232 805
995 297
467 640
930 452
716 501
403 316
901 69
351 18
887 124
192 948
270 12
18 29
899 956
458 340
166 109
961 107
191 522
378 15
201 526
809 847
437 918
848 995
633 531
76 623
282 969
709 942
880 468
681 133
517 279
386 827
114 908
767 329
235 936
736 755
165 909
79 843
84 51
819 384
476 293
258 144
630 66
499 764
377 152
729 435
680 105
438 873
960 233
463 462
317 772
196 715
469 857
190 530
475 404
871 567
803 242
537 258
6 975
228 587
656 400
162 329
14 798
861 457
590 825
367 384
956 419
999 383
436 527
646 654
974 11
244 364
561 102
708 467
621 814
340 831
310 147
149 590
25 993
927 768
826 177
258 873
318 265
691 817
661 293
864 927
719 531
831 245
929 85
68 743
34 819
551 250
458 519
462 923
855 832
252 507
364 733
881 461
535 838
20 497
938 156
578 423
982 77
584 748
469 118
990 712
648 777
155 267
360 987
492 200
991 38
591 920
354 169
209 746
598 140
970 495
584 264
627 940
809 10
649 818
407 6
619 524
378 914
746 680
481 411
942 760
834 385
88 227
257 618
809 69
341 21
922 876
661 991
508 811
269 963
733 318
115 532
588 743
809 214
102 281
900 699
758 147
101 692
705 564
212 243
970 931
793 874
351 744
656 222
362 51
129 370
304 248
893 666
684 667
79 355
983 369
48 253
339 462
56 728
438 6
777 664
106 478
736 57
845 889
793 166
280 15
978 154
693 389
396 925
327 907
898 635
14 937
495 433
388 541
426 360
745 78
854 632
12 717
342 332
452 388
589 197
938 463
392 423
531 692
20 183
42 299
377 984
181 996
129 585
906 259
838 846
159 829
75 318
203 197
521 168
924 163
617 439
265 490
284 2
288 69
252 654
470 317
130 952
294 111
117 568
557 811
48 837
458 364
388 375
192 784
70 785
517 478
703 487
605 986
862 156
238 666
496 277
499 918
549 498
20 109
830 585
107 210
250 351
291 819
40 497
519 907
704 8
666 244
358 201
715 648
699 271
700 60
297 631
481 242
870 884
525 391
999 80
415 970
819 662
1 363
261 841
561 371
305 189
750 793
837 449
167 531
439 814
701 567
906 641
374 769
586 873
399 588
333 248
432 151
868 706
154 588
211 533
30 59
214 436
710 585
536 348
160 778
811 802
65 644
651 957
474 334
34 921
56 833
259 868
594 321
25 586
318 449
466 716
51 710
877 686
501 242
685 551
815 648
359 828
863 823
646 146
555 526
317 264
100 232
468 660
544 602
837 781
161 356
57 827
555 84
686 994
636 153
160 60
995 977
38 61
226 821
812 972
887 8
947 847
235 673
861 749
240 249
133 424
190 731
605 744
911 857
553 341
972 409
991 399
905 464
100 556
865 599
587 50
465 191
508 222
596 332
299 862
374 310
875 255
947 154
490 275
753 671
244 806
400 70
5 785
979 154
67 948
348 955
352 446
225 160
796 821
572 906
274 837
991 976
261 685
443 198
1000 904
400 755
771 900
920 458
867 815
318 929
814 810
266 196
983 945
56 656
759 814
841 861
341 753
432 179
569 598
567 423
401 836
202 118
24 477
522 356
780 940
431 992
656 738
256 240
773 437
242 937
741 449
872 368
691 163
177 594
507 311
548 551
632 400
669 277
82 593
449 370
33 115
799 226
384 707
556 873
977 196
999 879
247 446
801 118
925 840
752 708
535 829
78 588
744 328
240 839
393 228
948 114
553 518
436 142
386 615
919 563
647 608
134 573
707 269
800 953
393 373
86 218
86 907
26 561
943 302
981 103
296 926
652 684
504 602
602 287
216 78
427 672
843 219
93 408
113 506
870 752
100 704
142 485
793 627
442 515
170 530
853 383
835 796
785 247
307 343
218 774
221 485
922 952
596 215
959 114
205 945
956 239
761 1
410 199
103 86
325 488
133 21
455 853
681 269
906 615
926 610
693 797
74 166
110 641
491 897
477 242
408 331
409 950
420 698
495 190
516 407
318 605
428 5
234 308
452 131
236 874
78 125
413 232
124 905
814 544
476 81
622 489
180 644
751 207
437 19
223 614
391 710
18 442
717 124
313 142
223 503
495 370
910 765
696 841
659 319
164 999
260 274
522 973
372 798
285 865
126 461
569 46
787 483
536 801
590 404
281 970
269 429
18 239
972 108
921 966
4 942
597 361
429 679
229 552
711 273
731 767
515 570
455 471
204 522
80 459
908 603
711 166
749 495
515 587
678 53
916 906
900 503
443 612
226 108
796 160
601 8
340 228
123 732
605 720
662 537
735 957
296 130
815 117
528 605
270 865
88 228
549 953
236 484
563 34
429 672
75 814
884 34
903 758
760 240
93 158
520 768
171 828
268 938
549 155
628 644
921 348
390 745
656 223
755 571
754 986
404 957
222 604
371 258
887 858
714 316
698 921
439 197
296 621
741 581
941 3
784 194
770 365
440 632
249 445
954 144
315 328
427 786
689 123
266 156
880 746
599 841
105 29
638 945
654 954
913 606
937 978
43 339
523 77
727 229
217 612
241 350
132 539
149 419
66 259
48 314
630 771
65 985
119 266
159 687
697 12
660 896
169 12
6 278
872 102
697 846
742 671
56 482
339 700
354 219
389 840
304 891
268 670
70 790
515 316
679 488
459 781
776 217
139 651
411 174
346 826
360 726
605 564
255 495
791 899
743 394
654 916
598 395
88 192
794 532
472 351
143 908
537 957
758 77
594 464
136 598
157 980
434 935
879 811
398 762
745 691
288 472
163 460
129 300
257 791
240 745
115 967
193 263
795 275
59 162
704 661
918 223
371 286
555 480
690 342
233 257
767 836
269 601
737 145
646 565
25 13
408 131
871 234
747 280
736 87
537 106
907 40
713 361
769 15
402 560
646 855
663 623
133 672
869 150
467 170
909 747
901 683
371 858
76 319
323 223
453 832
113 695
976 243
878 254
642 712
293 524
864 600
411 721
754 11
937 633
838 939
255 591
401 308
117 54
512 119
800 926
857 163
964 641
376 368
920 615
904 172
84 468
981 66
503 258
969 539
217 222
71 207
679 396
94 116
900 463
648 32
80 546
64 167
781 96
623 723
535 333
30 363
683 469
74 83
19 686
204 722
415 480
53 915
820 829
206 610
595 380
559 409
230 289
557 439
558 198
987 742
608 753
918 8
410 275
486 932
258 351
232 532
934 667
144 346
326 630
709 462
780 847
504 328
591 191
600 738
983 801
942 118
106 254
295 176
872 369
954 525
362 607
121 959
973 45
152 305
885 801
744 331
637 128
565 931
806 407
646 236
480 893
804 822
859 315
591 864
316 630
891 138
61 768
69 810
401 272
311 781
722 672
47 887
930 565
159 901
623 416
184 335
517 115
645 78
42 149
222 525
474 512
644 138
147 690
97 611
739 12
886 173
87 852
951 995
202 174
972 446
672 450
689 175
268 309
91 617
270 883
620 31
123 529
622 565
878 931
274 629
70 449
761 151
467 28
197 395
600 130
139 270
666 930
864 375
934 691
866 733
595 393
465 732
414 279
162 724
737 104
497 707
59 68
996 739
300 784
836 884
324 111
50 897
262 234
528 220
710 756
584 195
604 30
988 893
266 135
409 576
577 211
545 809
307 653
15 708
755 11
894 542
660 126
683 439
96 523
777 830
6 408
780 695
566 352
626 183
823 627
4 649
5 208
47 565
181 831
593 471
95 248
270 862
212 415
467 670
804 807
566 386
604 753
199 175
526 812
748 900
865 672
882 894
61 955
122 187
160 468
326 321
308 724
91 716
593 514
156 768
469 467
515 731
74 393
187 634
460 654
178 91
415 666
481 394
184 568
97 873
792 951
482 805
193 446
163 322
791 92
761 179
376 522
247 660
753 771
110 832
164 120
737 938
98 740
316 275
535 335
359 207
624 292
680 214
609 208
150 174
103 202
859 616
714 317
310 416
521 935
817 60
215 381
16 861
491 765
152 173
673 605
321 703
675 59
604 115
436 749
168 695
650 359
287 694
695 213
608 229
737 455
223 564
390 197
216 830
713 430
17 877
592 681
294 417
684 217
977 97
54 481
772 564
151 665
901 505
298 78
750 8
5 69
137 213
156 215
678 395
881 120
431 573
186 874
668 186
616 251
708 683
169 213
31 763
788 242
535 699
204 969
939 518
747 811
62 507
783 665
576 807
424 52
594 982
89 680
307 353
679 713
224 385
23 101
690 226
710 225
788 875
224 306
538 286
521 316
729 489
567 921
98 727
550 713
679 93
991 617
531 848
309 554
900 959
757 51
651 499
447 668
858 789
414 367
306 588
823 209
516 751
44 216
119 820
101 281
67 649
841 850
439 857
261 617
278 601
580 329
105 111
824 763
275 709
591 331
918 937
179 608
924 686
817 314
431 974
395 364
203 679
457 699
925 472
389 326
780 537
200 403
826 171
475 454
119 376
910 523
753 486
674 214
968 999
251 968
457 794
66 6
123 91
420 529
592 66
762 638
891 94
174 308
967 221
234 995
539 506
173 856
100 968
528 873
64 370
554 21
593 569
688 851
506 146
895 924
718 959
207 446
139 694
766 907
344 216
770 972
312 566
500 475
616 516
164 525
691 114
519 856
117 94
856 162
219 738
883 651
187 384
577 280
33 890
583 486
839 632
917 734
610 320
349 492
448 963
413 591
805 905
844 865
439 159
520 567
776 641
747 374
965 179
414 331
641 261
310 104
719 964
187 223
775 950
906 675
637 347
853 782
819 914
713 187
237 685
589 472
417 552
971 487
443 422
465 34
759 844
102 857
786 676
383 832
644 134
772 83
820 579
547 909
324 370
767 558
565 817
68 895
930 142
626 769
34 810
309 228
385 700
704 926
281 835
998 720
68 541
75 363
38 893
318 221
359 947
160 235
459 25
460 310
118 318
621 429
221 575
757 669
735 84
118 169
959 941
530 255
531 170
402 266
298 459
377 466
903 522
631 903
347 906
893 119
818 789
804 704
724 653
706 26
370 908
210 741
761 425
466 379
120 68
856 15
179 866
308 902
464 188
26 243
317 944
839 975
74 199
476 215
391 677
158 639
585 209
698 528
131 677
562 195
672 911
259 820
822 689
953 710
257 207
281 193
135 234
474 722
851 336
415 460
764 759
46 690
119 430
196 123
270 742
647 451
788 359
612 651
556 267
79 430
889 630
730 562
334 619
34 253
162 38
2 607
29 822
176 342
674 461
108 785
641 188
471 385
309 38
556 41
261 323
980 889
622 350
612 272
371 642
209 291
199 392
568 667
228 488
377 946
949 392
610 640
440 248
60 673
537 588
740 3
713 973
865 822
901 166
867 425
860 795
458 375
882 548
919 454
118 181
714 900
4 714
91 908
649 823
83 719
502 135
975 600
485 987
117 245
407 112
947 167
731 780
728 563
18 689
221 342
115 719
666 709
117 101
154 401
176 633
469 536
504 197
932 23
680 72
936 210
211 23
927 284
602 821
79 66
311 107
295 678
905 938
926 604
619 474
451 380
648 109
291 455
720 819
345 183
650 514
119 851
284 110
11 964
862 541
262 507
661 495
742 119
565 550
766 121
567 120
680 388
954 111
125 192
56 569
366 218
65 701
281 616
46 936
161 130
293 901
556 13
775 301
357 270
660 780
974 606
806 589
819 709
775 322
38 168
906 191
66 432
195 332
878 83
38 810
419 820
901 504
703 44
358 827
90 429
697 387
863 298
961 310
216 379
531 4
676 103
184 153
517 57
948 219
748 888
308 681
917 773
576 905
297 184
406 266
562 756
344 253
695 794
218 730
351 922
562 327
174 897
411 337
931 518
514 482
161 778
628 964
524 655
763 443
856 199
710 230
892 797
291 820
735 689
991 731
762 241
211 109
619 509
196 767
287 192
54 757
571 477
202 296
221 92
59 161
611 972
79 34
68 305
31 207
801 932
969 10
314 977
187 69
762 467
301 181
395 48
841 960
845 568
883 381
367 340
573 521
751 441
281 185
634 521
858 645
675 73
54 902
275 599
186 6
701 146
98 858
941 502
327 987
28 191
811 918
778 213
262 66
907 443
305 493
332 770
371 860
564 629
572 761
911 448
664 3
849 121
298 769
891 386
547 718
15 428
207 980
704 947
285 182
267 663
632 824
843 756
911 711
123 90
216 424
364 800
994 747
151 898
462 833
564 169
839 273
734 761
900 448
652 820
725 474
193 57
644 144
11 53
153 731
652 651
709 950
796 234
446 567
875 355
434 103
280 88
240 986
477 899
27 988
672 279
467 149
217 510
553 116
442 477
808 319
272 116
774 815
496 530
903 585
923 311
113 38
687 455
305 77
643 325
718 491
81 934
686 133
727 619
202 558
556 401
166 973
480 324
742 428
708 340
189 701
438 461
149 150
986 544
228 945
870 448
159 301
77 148
423 488
996 446
299 166
45 438
488 237
416 410
471 508
608 174
185 211
792 37
811 771
982 592
906 21
817 438
55 107
498 141
372 662
671 420
450 40
915 142
61 578
777 145
940 459
907 530
692 292
803 965
458 638
118 396
517 224
477 547
441 757
977 987
118 319
797 144
303 219
694 536
865 646
565 357
710 46
502 184
843 220
183 535
25 296
153 544
207 413
284 355
374 486
657 144
587 211
218 658
477 999
539 148
481 492
123 935
925 927
303 799
731 848
164 247
240 853
258 108
829 227
305 911
144 11
445 265
737 908
809 271
170 819
597 744
525 123
728 889
407 674
718 596
899 282
743 3
727 670
747 196
951 470
577 517
390 290
430 995
90 624
271 549
538 920
392 706
524 155
727 508
999 379
858 637
894 407
950 133
167 677
828 609
214 87
798 345
745 567
165 636
453 740
38 722
607 903
212 554
812 45
704 686
745 86
926 61
488 201
930 32
949 836
280 213
821 442
517 913
381 612
702 358
100 220
358 796
930 373
918 224
249 750
252 358
803 846
278 771
852 565
389 849
618 819
412 406
252 725
844 433
402 220
479 478
373 839
912 529
44 908
740 753
961 228
654 1
468 28
552 352
378 769
117 569
994 215
780 382
694 380
654 291
804 939
623 890
740 934
28 618
618 810
89 620
642 490
933 313
607 406
152 920
331 667
650 801
316 301
634 272
909 768
642 413
935 768
853 144
774 646
671 121
62 1000
157 640
413 566
803 146
987 593
325 346
625 844
556 458
538 77
206 247
564 973
780 130
415 917
234 132
987 462
898 341
769 32
370 343
137 548
345 678
253 394
146 964
474 457
845 198
929 299
784 333
310 103
177 927
472 601
199 478
603 709
110 79
864 959
831 21
744 133
142 842
660 899
733 723
518 481
685 592
744 20
764 79
973 493
397 648
806 300
274 213
95 959
336 411
207 785
647 532
134 617
851 905
543 967
219 169
401 222
826 713
938 15
481 616
852 585
708 36
575 327
268 665
118 754
308 682
300 746
265 601
236 436
661 987
496 265
705 219
814 487
597 989
619 893
498 463
36 867
454 406
610 88
832 194
61 272
390 942
301 257
946 118
607 357
336 860
279 334
603 830
931 871
608 744
536 732
179 635
150 328
713 12
434 535
491 586
789 367
93 818
846 368
115 230
206 211
944 456
894 92
694 994
497 538
279 754
360 302
863 804
148 792
638 132
918 542
746 369
699 941
718 675
363 868
105 280
143 154
418 423
725 534
321 336
178 763
697 45
938 193
801 223
198 521
990 757
189 330
62 40
814 24
105 715
716 93
844 106
203 114
991 213
242 468
795 918
354 250
961 386
523 647
448 379
307 48
255 686
949 59
669 738
504 578
766 830
491 460
826 975
166 292
351 872
785 126
624 930
113 419
818 523
649 991
923 232
874 534
515 930
644 838
314 545
973 910
500 340
118 783
102 384
193 612
798 322
861 173
643 6
888 757
118 702
912 37
344 615
715 680
990 482
978 282
465 757
379 875
604 352
129 446
943 537
286 372
986 117
202 559
150 455
617 644
284 845
945 909
139 82
451 196
894 120
418 7
715 871
976 549
449 955
896 230
989 461
223 761
78 148
509 808
310 827
665 344
542 246
524 421
928 550
746 341
841 575
997 164
925 135
637 157
730 993
57 121
76 179
521 266
940 452
229 513
513 702
807 52
534 852
977 841
997 390
495 829
166 23
574 912
242 361
546 520
522 823
282 711
544 323
41 335
833 187
800 44
469 191
326 344
437 913
243 990
463 913
669 710
140 404
344 7
900 430
724 298
606 941
442 907
143 592
701 70
886 66
726 763
736 615
61 344
10 730
692 558
823 452
205 941
411 924
110 794
606 895
274 786
384 197
758 938
137 806
113 185
129 410
847 224
337 287
448 592
620 990
548 131
352 188
581 965
106 487
987 274
590 941
2 682
244 361
929 413
57 35
649 200
551 287
797 670
298 823
299 18
7 861
673 769
391 706
86 830
69 569
851 77
834 820
232 94
134 869
6 302
635 832
906 360
468 601
988 955
124 203
933 561
111 447
578 416
470 298
238 822
458 386
251 816
449 237
788 312
420 954
592 155
449 158
166 330
517 485
421 464
722 933
83 721
908 550
639 460
342 562
715 52
607 98
865 391
761 342
45 629
118 85
680 812
554 781
494 984
357 111
878 834
922 920
842 824
952 687
793 877
459 662
173 243
853 625
133 819
378 595
469 888
73 39
951 388
775 132
37 580
75 657
372 117
317 692
67 513
747 163
110 673
1 179
845 530
404 808
757 326
850 168
780 131
591 195
850 59
478 776
172 83
451 156
54 43
457 563
172 226
855 319
803 320
492 839
113 574
534 720
112 242
3 776
802 24
587 786
569 259
197 706
988 755
938 456
172 768
356 101
194 840
978 52
859 70
551 772
111 253
902 182
797 388
416 161
713 653
808 867
945 476
242 207
388 207
6 266
674 800
358 825
952 66
440 150
16 488
565 186
622 965
588 237
40 555
317 449
835 412
825 406
4 29
777 283
678 86
657 829
714 934
400 290
878 653
402 336
187 554
556 900
667 484
647 842
230 284
49 525
213 882
795 88
355 449
853 322
726 688
876 101
622 513
736 688
308 969
348 654
335 432
982 921
162 966
328 418
936 33
535 11
633 921
512 880
14 526
475 418
40 389
756 614
316 306
118 706
447 520
116 39
15 837
107 748
755 648
349 679
187 180
343 457
163 191
382 305
827 388
613 443
854 959
837 291
803 495
141 748
860 196
932 713
755 934
901 59
65 750
228 878
907 445
293 982
140 920
906 127
746 382
6 468
65 520
302 975
655 969
214 171
772 555
21 761
299 491
302 830
531 836
754 7
21 618
281 789
963 785
910 296
950 569
796 343
869 679
583 889
487 357
311 858
795 873
914 809
248 729
620 273
30 805
497 749
992 744
719 14
739 101
709 581
286 814
303 916
914 283
2 353
420 208
807 548
305 784
469 621
588 725
457 429
404 684
478 501
226 370
335 404
702 23
568 601
309 873
127 982
747 305
148 681
809 273
538 369
330 367
371 416
334 724
580 724
413 731
395 880
58 666
483 907
64 359
546 695
567 879
804 99
951 460
534 497
870 228
81 762
396 749
328 11
429 716
921 58
101 314
432 217
340 946
16 920
698 204
665 61
120 284
428 173
716 984
242 851
600 661
656 743
989 637
78 260
635 601
372 609
564 587
307 546
384 809
793 387
834 721
462 534
697 223
975 860
299 471
986 843
177 823
255 926
237 127
899 644
609 788
976 497
313 714
706 134
393 239
43 593
765 538
786 129
296 397
665 772
78 883
482 72
283 153
569 825
880 379
860 929
351 830
759 173
601 55
330 999
101 952
815 92
328 831
965 737
26 475
934 890
5 606
961 824
1000 962
123 533
357 736
800 489
658 907
222 986
580 712
306 305
344 580
975 41
716 600
283 995
126 1
606 783
789 309
25 88
337 286
409 953
284 803
528 65
603 519
659 793
16 885
186 267
684 316
854 884
231 719
380 779
96 178
278 516
651 26
784 505
72 443
96 289
43 362
906 932
870 381
357 390
566 90
417 81
474 98
718 858
327 411
578 620
480 575
798 121
142 765
772 604
919 799
650 48
355 778
48 738
102 565
765 363
513 872
255 813
61 612
298 86
397 610
114 25
274 239
846 519
632 655
83 773
359 455
593 356
276 720
207 684
973 529
98 205
338 732
526 163
857 8
70 815
397 469
553 263
184 478
539 340
501 161
809 529
505 166
677 724
565 488
215 885
294 694
675 901
783 470
400 229
398 624
738 127
131 87
779 931
330 343
710 249
749 669
805 155
473 674
611 836
740 928
818 22
925 786
790 647
560 673
577 709
796 609
468 466
453 130
310 309
75 656
779 286
768 557
182 243
883 354
167 613
3 476
651 344
785 530
73 256
827 123
487 581
755 973
628 69
998 339
211 639
858 462
551 545
552 577
238 292
276 193
600 339
858 369
381 761
223 577
719 588
668 754
81 424
708 211
711 684
113 799
902 183
445 952
868 253
431 306
484 785
677 590
561 723
240 501
60 576
578 389
317 367
82 820
974 783
506 408
161 707
109 13
338 817
209 703
781 625
566 541
848 172
919 487
481 735
429 535
639 530
14 467
65 393
84 147
369 162
246 589
832 341
540 158
135 730
766 994
13 58
659 794
305 836
343 900
74 139
917 597
205 995
775 539
210 827
620 242
657 376
197 79
126 383
932 54
770 185
993 32
33 963
555 962
348 92
97 452
650 594
103 234
489 146
992 87
519 308
776 888
104 631
185 986
974 218
315 363
390 123
67 282
394 118
432 141
550 803
982 298
662 311
422 552
828 555
305 482
659 559
271 930
129 909
276 852
168 949
25 588
820 905
786 617
489 639
769 349
589 116
403 75
445 988
156 273
397 601
38 853
65 809
605 763
896 225
95 925
540 830
63 371
565 157
89 204
298 320
317 484
619 684
265 665
104 399
506 47
821 948
734 655
806 40
757 566
578 139
706 500
673 730
123 298
435 150
952 812
992 745
784 964
814 406
438 634
368 226
316 2
47 402
250 266
199 695
455 585
938 549
813 695
88 336
382 150
352 729
447 990
983 760
748 291
120 976
818 177
235 913
474 587
438 166
520 571
897 300
168 597
944 502
858 612
845 938
701 84
524 321
306 846
185 871
756 490
679 715
820 591
695 281
882 256
152 391
742 796
256 357
959 21
797 474
34 806
551 207
76 173
78 551
66 503
492 317
739 964
920 682
782 336
674 873
772 302
994 650
612 45
852 540
728 482
85 171
639 756
251 159
911 997
910 736
683 778
148 660
80 485
65 87
467 487
847 904
812 829
850 474
490 610
765 891
628 793
610 828
692 568
914 380
257 519
847 686
683 697
861 798
576 146
709 346
514 344
311 146
723 210
73 115
428 763
471 664
692 735
767 37
605 138
953 857
805 984
610 708
348 917
476 66
26 126
760 333
500 72
858 806
529 782
435 735
954 373
22 333
546 587
129 283
883 310
495 196
421 801
246 664
340 983
343 717
306 739
125 351
534 347
996 462
120 313
165 645
293 796
292 673
902 430
378 630
566 91
146 622
325 429
307 513
859 124
18 436
423 239
685 728
656 994
560 270
543 607
855 857
413 294
125 636
238 837
617 476
411 781
489 849
290 898
458 480
118 286
853 217
583 832
369 788
425 10
672 5
485 886
434 200
126 91
190 661
486 572
801 592
887 748
728 139
529 430
821 654
495 130
960 46
814 313
405 118
74 148
757 177
460 873
157 891
800 502
643 64
457 245
663 413
560 674
762 328
783 868
797 828
101 415
547 269
909 910
874 294
823 200
699 454
239 257
188 577
798 414
106 438
803 100
814 868
34 170
284 931
538 874
703 660
614 49
508 196
471 48
383 772
955 399
206 775
9 457
310 993
8 527
431 859
695 502
402 891
720 258
773 280
595 706
526 576
768 136
501 894
591 366
642 657
76 245
242 205
631 357
686 862
198 913
381 758
369 214
811 507
173 990
445 153
568 148
593 439
866 393
568 3
397 359
740 667
827 703
493 766
378 923
498 660
616 271
565 501
819 178
982 322
991 400
353 260
498 743
743 563
299 986
908 964
832 51
827 764
809 25
131 37
75 841
652 449
636 560
307 356
790 339
300 555
691 138
909 127
982 927
288 631
255 203
899 441
442 436
444 2
999 248
124 790
451 574
879 934
990 261
538 138
723 138
168 804
680 843
672 604
19 999
166 842
814 497
118 627
283 938
488 584
824 930
128 873
239 293
96 29
391 762
547 182
620 544
950 209
491 732
850 797
707 956
19 638
375 602
358 268
242 813
780 903
932 602
242 956
479 953
669 409
369 457
337 969
774 931
238 432
494 30
265 220
873 887
376 697
584 510
677 783
509 611
185 405
518 49
772 608
774 900
776 421
27 487
545 102
934 617
251 5
380 359
623 293
806 335
754 148
792 393
886 953
958 26
959 807
502 950
14 146
517 25
494 602
218 89
868 355
602 403
913 292
98 268
916 985
151 892
250 41
468 992
790 541
776 251
500 433
136 282
799 705
66 967
395 519
342 632
255 393
917 918
830 718
994 43
558 920
563 2
325 495
122 573
314 248
61 305
135 590
980 89
504 146
381 625
641 973
714 13
382 151
239 746
196 750
575 824
118 701
357 603
144 434
264 763
757 26
760 306
634 343
653 239
567 873
872 955
652 41
654 683
452 7
594 969
20 835
888 69
851 187
435 681
694 263
758 892
438 449
684 489
812 182
390 100
854 985
451 86
616 837
510 503
438 368
599 783
46 629
970 827
492 649
220 696
884 343
850 803
379 281
472 613
345 409
698 415
557 424
7 907
104 16
952 286
533 335
129 428
611 681
422 390
423 859
707 468
854 389
982 206
734 959
751 775
990 581
55 780
976 499
482 356
674 870
144 677
87 415
539 556
351 26
83 984
374 169
807 791
942 522
869 554
86 332
344 411
425 710
1 974
660 523
311 892
98 150
632 962
523 821
653 766
13 159
783 335
678 147
714 321
373 897
451 843
572 353
700 302
701 67
374 277
710 147
252 881
905 727
853 745
107 507
243 853
884 721
280 639
779 615
907 46
90 593
299 551
999 718
318 874
603 1000
395 239
144 301
453 317
715 550
662 35
756 186
334 464
708 293
516 684
59 982
956 443
247 832
999 375
608 96
849 266
923 851
391 793
845 222
825 616
7 201
323 12
677 997
659 614
720 392
110 474
742 825
124 480
57 41
778 459
963 973
418 490
311 514
6 301
907 562
32 360
217 860
643 856
130 829
720 69
593 222
776 211
412 99
437 720
611 317
227 36
853 216
550 136
471 945
937 341
39 653
616 276
88 973
400 313
151 208
492 87
313 700
26 399
722 928
28 209
991 460
114 944
559 136
136 722
563 205
601 386
479 632
123 578
877 469
678 270
224 507
460 795
605 459
823 436
975 233
600 245
835 910
522 292
109 653
58 737
844 960
885 28
5 850
300 870
139 288
474 913
976 853
889 842
926 577
356 868
70 395
309 577
24 719
432 20
395 408
551 765
383 545
685 119
64 591
928 788
376 849
214 561
15 512
971 854
738 643
647 63
507 317
73 608
721 956
370 162
279 968
621 923
988 718
935 465
738 997
794 947
501 813
258 137
57 69
21 738
911 137
473 437
130 878
989 837
833 469
707 428
372 641
513 763
20 413
373 348
851 909
934 452
27 312
9 789
873 726
126 854
255 694
751 541
40 957
204 880
670 621
820 410
571 788
311 529
826 823
377 397
69 463
51 76
202 224
735 926
600 196
190 998
559 172
961 885
635 282
729 209
72 716
478 391
97 143
154 510
981 491
560 752
813 738
170 868
177 128
714 121
399 769
934 610
918 103
318 851
407 742
749 929
827 187
455 794
370 514
810 807
341 202
996 32
906 649
779 397
417 332
695 17
370 484
824 847
906 792
580 183
176 53
751 787
614 446
58 57
617 974
101 601
512 302
50 677
402 698
992 294
560 26
86 778
622 424
243 285
116 533
617 232
108 997
694 868
937 721
351 259
467 894
564 400
432 715
311 945
293 646
796 291
321 197
285 802
507 254
90 394
661 583
318 186
963 675
894 841
644 270
75 483
795 874
189 183
304 911
195 986
89 67
141 532
844 501
60 324
26 596
407 209
50 366
322 459
285 757
606 331
758 390
425 978
245 241
118 97
299 731
416 763
731 665
240 991
627 797
39 955
743 423
931 553
531 483
532 776
2 239
440 580
671 555
819 476
334 731
210 797
407 661
945 342
323 582
657 346
698 518
992 791
337 422
232 652
49 490
379 879
949 695
59 49
561 407
763 809
344 649
958 437
828 747
520 652
6 875
106 387
102 960
177 287
440 567
96 169
614 111
376 905
988 912
368 809
686 475
477 778
177 761
859 997
256 200
943 494
409 542
907 299
397 921
732 284
404 295
246 552
104 17
217 726
882 224
82 984
375 125
268 793
488 287
808 830
332 400
189 505
9 115
63 256
138 937
809 660
666 823
448 477
829 467
208 797
248 794
229 633
982 425
89 46
134 708
304 939
375 304
748 814
382 63
895 553
649 797
304 826
66 953
729 111
929 637
144 979
198 154
790 574
919 158
117 282
981 321
610 173
993 275
688 167
903 650
727 966
999 861
508 792
52 538
6 106
383 456
538 289
740 911
45 815
945 481
282 860
899 496
33 792
240 552
461 656
923 3
720 425
12 158
846 317
34 277
455 651
984 949
414 56
883 169
12 238
210 325
998 170
410 643
753 746
664 162
718 21
172 137
618 489
73 980
811 866
600 995
582 727
510 754
521 473
349 848
668 536
355 783
122 526
447 231
533 354
186 639
333 764
869 282
808 794
94 507
32 543
972 100
222 351
829 749
835 420
843 913
865 697
917 594
243 785
687 864
21 973
903 968
602 763
621 173
752 164
143 515
19 529
656 985
173 444
981 873
395 590
70 972
1 715
476 403
773 553
524 737
193 439
199 633
538 261
256 503
874 509
68 436
257 771
477 232
407 733
784 28
987 551
613 959
861 2
904 525
373 472
837 41
913 585
528 160
893 770
175 839
894 37
124 874
589 521
572 825
684 291
599 720
162 651
833 872
405 831
29 867
964 66
505 803
181 344
183 510
578 988
142 557
570 40
369 281
727 651
546 17
358 979
603 921
826 257
510 750
748 332
462 589
228 354
116 720
263 757
160 186
593 308
227 242
963 710
303 297
967 777
844 67
935 523
848 134
977 550
62 128
352 940
200 905
240 214
79 583
635 63
49 944
636 876
199 942
735 8
714 344
278 347
904 918
721 423
32 817
917 880
23 13
689 753
852 155
501 51
234 191
840 867
161 780
107 711
623 820
24 880
903 722
636 214
932 316
88 375
895 84
788 882
202 451
404 635
30 587
151 286
942 994
50 143
88 486
879 928
1 497
420 493
405 415
541 771
126 205
666 116
850 249
887 822
839 957
518 373
548 112
876 549
568 782
41 754
176 935
470 601
452 188
181 410
326 669
510 334
721 765
979 709
530 925
324 502
971 885
474 263
741 323
939 476
493 378
46 974
360 49
16 839
648 654
167 78
295 21
742 966
216 656
68 657
550 875
368 635
4 697
976 122
960 799
578 706
113 256
431 666
184 93
203 779
792 284
302 685
29 139
964 634
250 78
56 23
955 873
445 187
63 380
269 493
198 413
401 189
937 259
905 253
967 649
231 428
602 256
269 19
252 905
201 745
643 478
987 232
770 967
917 916
809 123
577 503
596 341
210 760
282 157
835 811
602 546
396 165
469 617
115 653
298 671
178 493
876 212
842 68
491 894
934 572
832 82
559 417
727 771
148 500
710 87
487 458
589 798
707 751
192 416
581 202
161 829
278 786
62 639
729 744
343 376
897 948
715 909
996 582
558 453
300 77
376 795
339 401
822 462
777 735
940 125
928 861
746 188
935 698
650 294
209 30
105 221
717 510
555 495
890 786
262 947
195 492
789 834
243 504
856 781
698 268
807 162
890 756
284 445
262 870
368 758
368 325
207 178
208 798
139 924
377 761
599 290
730 191
252 719
215 565
881 57
627 557
117 711
635 568
796 38
908 680
558 728
415 537
880 462
572 396
596 506
464 869
230 520
984 92
487 187
696 464
273 129
221 331
519 804
938 629
504 833
891 703
785 238
749 693
793 657
553 90
499 710
374 666
235 192
476 174
224 319
222 990
249 860
892 946
767 38
116 500
926 619
158 753
486 34
234 27
474 554
55 27
58 301
242 574
3 484
477 421
667 925
818 291
497 596
334 65
840 198
646 644
172 251
386 376
635 648
29 783
945 654
342 318
107 871
769 504
21 347
299 9
997 114
800 530
416 299
531 953
592 852
600 308
958 871
866 757
209 292
651 845
176 427
911 183
953 101
384 696
494 327
650 143
337 760
12 912
180 82
808 795
318 150
113 81
440 255
227 217
237 496
844 88
518 281
393 408
635 253
820 17
472 191
181 729
606 369
398 858
957 249
962 778
579 808
14 362
438 694
279 66
774 975
919 18
620 123
303 825
987 792
549 49
36 964
18 571
295 889
939 833
743 383
543 872
913 814
879 911
236 643
843 429
277 335
980 258
379 953
165 538
483 967
444 583
836 961
672 930
196 416
125 262
325 324
681 564
742 415
580 462
766 17
271 519
148 306
941 395
410 629
84 472
384 88
257 462
371 984
784 361
216 919
785 816
612 733
725 794
641 145
168 989
940 363
707 112
376 672
344 75
380 120
185 126
494 240
778 79
380 239
678 642
221 813
45 298
408 109
649 408
544 674
356 320
252 273
843 862
881 487
939 195
8 511
542 380
356 471
123 36
697 748
416 900
147 788
8 78
890 270
601 849
105 866
71 77
437 931
613 538
339 749
909 265
277 687
574 143
614 840
675 980
910 141
457 299
723 960
471 457
343 787
469 596
455 609
115 688
169 264
188 60
706 545
748 420
92 640
878 867
184 843
11 682
589 889
32 882
206 315
504 87
362 29
453 354
844 885
719 123
277 212
784 136
36 301
261 358
172 413
429 266
949 627
626 672
788 695
71 981
831 627
337 235
730 578
175 971
846 20
333 127
190 472
176 134
617 19
551 961
972 666
78 301
86 776
632 622
915 778
95 618
553 81
99 623
579 409
821 508
787 324
91 211
147 229
898 887
756 551
650 244
321 80
502 747
522 906
959 211
327 508
530 497
948 96
414 604
517 245
664 343
648 892
223 212
320 413
82 788
476 784
976 296
540 937
833 209
100 78
535 12
92 800
143 676
648 90
957 176
904 36
299 938
727 35
344 49
71 198
682 377
539 272
501 101
563 150
87 824
489 561
393 77
669 542
31 997
813 709
258 131
867 413
689 621
308 857
25 293
45 858
982 809
987 753
453 181
182 413
845 729
461 395
79 15
211 511
965 42
779 346
945 54
133 115
864 66
430 784
477 497
580 538
656 318
551 647
404 92
23 698
484 793
805 972
501 961
101 7
971 737
996 308
659 444
237 856
683 322
651 800
449 328
906 382
998 712
782 421
170 8
968 523
130 852
312 47
872 856
713 101
319 660
809 666
62 206
84 386
946 613
234 975
950 905
97 521
811 341
248 651
347 605
598 127
656 242
4 210
264 383
364 176
40 774
520 48
633 459
870 750
616 473
841 500
550 476
199 774
249 479
538 444
499 600
192 112
896 894
718 701
700 408
973 940
961 227
373 688
871 353
305 896
258 22
978 361
982 821
747 189
10 359
16 219
1 169
555 782
867 740
742 496
454 851
656 395
572 791
223 805
98 938
229 404
67 329
380 768
181 465
440 725
730 570
488 161
987 153
128 114
475 941
519 30
335 713
806 718
591 440
445 574
63 243
285 85
460 541
825 960
664 66
688 376
391 585
674 167
161 472
513 867
775 487
30 682
512 165
38 145
632 660
659 39
351 123
1000 359
485 737
622 930
666 952
40 791
248 679
924 112
342 965
53 542
23 378
403 903
943 69
529 273
307 415
329 379
883 956
114 943
190 503
40 252
286 65
429 976
875 288
343 782
397 178
718 878
576 835
589 963
207 368
75 937
224 365
956 22
685 432
390 816
481 114
512 874
148 622
130 49
277 334
10 587
743 207
468 479
524 626
735 635
719 102
390 789
214 874
340 529
629 364
537 491
31 497
181 388
163 137
562 904
719 900
926 358
747 455
452 233
751 279
951 209
348 266
115 49
354 843
963 255
727 270
216 920
432 885
58 147
276 206
869 201
245 815
29 786
301 525
971 681
769 372
932 768
57 74
45 737
48 643
17 983
252 419
954 683
919 687
527 346
949 500
255 605
711 666
510 760
484 749
588 235
632 799
652 776
624 735
625 106
368 29
691 323
2 382
148 974
437 979
938 808
856 433
178 229
674 766
658 155
696 282
55 470
865 421
916 807
791 917
863 586
464 437
448 163
106 579
487 194
658 882
291 828
607 354
809 319
689 977
76 909
515 110
822 710
71 694
847 49
850 247
524 116
339 262
883 325
5 34
480 432
154 945
180 945
145 850
167 661
849 454
812 206
595 166
418 276
638 72
710 565
72 456
769 5
718 32
477 290
391 866
513 24
418 220
536 423
700 786
936 641
828 919
523 99
10 50
581 697
802 54
953 194
601 752
284 292
345 306
399 21
78 460
797 98
414 301
927 425
933 610
816 611
972 968
887 255
686 894
928 366
268 967
730 54
470 485
536 867
216 367
178 980
15 251
950 930
792 572
227 97
399 710
191 538
731 561
990 798
973 724
904 37
617 744
38 24
891 951
361 832
245 695
514 700
434 525
904 948
445 268
710 280
527 882
703 286
213 897
287 398
662 846
538 456
757 196
95 493
357 758
31 885
13 982
554 606
704 111
886 283
814 228
373 380
698 517
550 738
883 515
865 28
210 939
396 276
310 502
438 187
243 820
760 165
923 557
317 758
750 960
508 443
415 153
71 811
943 305
242 619
131 622
975 369
462 92
798 474
487 571
698 214
534 432
558 504
149 158
844 509
500 646
453 520
422 585
635 750
836 79
195 65
161 209
73 573
77 29
764 825
176 306
417 56
665 722
405 599
856 783
270 335
199 415
825 20
129 541
631 440
411 695
42 121
170 50
711 401
14 195
113 4
41 295
702 172
575 422
908 731
621 420
345 89
146 90
574 106
186 811
8 7
482 66
999 747
164 394
94 946
113 358
233 144
575 644
99 215
373 796
161 1000
422 134
790 573
17 61
576 969
648 454
155 246
529 453
602 661
549 906
397 141
127 146
79 863
568 652
932 149
991 650
257 558
118 866
581 394
84 950
788 820
74 204
607 442
311 233
81 728
188 852
692 676
115 905
686 62
143 607
920 386
560 921
813 457
64 712
999 482
196 477
90 230
962 692
637 374
650 329
980 684
214 408
220 745
119 533
121 852
195 61
199 697
502 566
33 443
604 822
589 166
351 311
462 628
526 617
91 157
177 964
180 429
143 219
181 916
907 566
32 364
341 222
786 829
164 889
414 861
243 756
83 779
82 842
913 454
364 864
535 971
402 69
900 196
593 350
351 122
122 862
393 414
425 13
249 337
715 295
668 608
592 289
848 955
499 793
445 451
526 84
537 829
341 176
246 145
49 619
891 748
253 651
198 20
236 479
383 24
191 897
568 680
18 569
793 709
704 56
524 883
525 6
130 14
627 339
26 79
654 581
892 976
686 823
884 928
393 140
894 217
508 396
839 712
393 391
111 721
58 463
661 464
712 832
85 836
931 62
474 703
770 352
383 557
10 317
104 656
671 32
233 76
451 133
550 418
128 160
632 134
478 898
67 437
506 895
729 960
200 274
147 493
147 149
811 818
542 166
120 457
138 959
360 472
786 748
12 194
437 124
989 703
246 996
105 292
845 265
473 264
940 500
815 760
153 915
66 393
857 434
730 928
363 713
582 249
152 738
427 344
677 584
933 990
706 871
458 446
42 49
836 970
817 801
171 547
731 679
455 31
352 772
80 275
355 155
393 442
18 89
577 206
501 286
265 752
415 578
531 237
454 236
682 387
285 941
83 754
563 188
1000 610
621 142
161 912
398 935
844 691
634 235
635 286
692 975
662 675
184 734
737 190
295 799
10 669
541 879
712 527
912 49
162 560
221 83
258 479
701 873
120 954
748 324
749 925
165 572
421 898
704 290
232 418
193 803
774 501
318 945
559 587
822 481
720 679
149 121
396 550
54 14
807 452
558 266
996 387
86 348
708 31
592 752
55 656
862 768
688 35
689 382
953 193
717 424
294 507
115 298
189 527
664 882
212 848
393 26
180 502
352 950
403 81
958 829
688 257
686 780
713 850
19 33
536 245
609 769
393 843
649 442
70 572
660 414
368 348
515 654
503 358
565 231
549 546
518 743
852 629
863 166
415 913
17 482
454 185
347 779
222 421
540 986
189 36
155 124
613 293
934 198
574 169
190 598
853 510
636 994
959 659
454 91
676 704
852 186
505 465
69 304
469 630
566 908
67 787
784 953
657 461
733 378
286 533
692 705
714 409
435 600
148 551
650 993
707 720
754 595
992 154
896 118
237 940
180 999
681 626
901 833
79 303
120 180
732 693
174 465
124 644
766 47
236 890
664 987
167 897
559 998
301 946
565 613
305 439
660 271
682 707
107 892
954 927
811 184
389 416
683 436
51 641
323 164
452 448
609 579
551 92
668 560
95 729
740 130
371 545
816 754
603 154
308 54
695 682
711 675
332 396
540 745
208 898
209 479
706 513
626 104
128 730
28 36
952 240
863 506
520 468
84 499
14 482
36 638
373 795
691 442
549 824
753 853
278 262
960 425
317 228
258 242
976 109
89 750
218 778
735 867
117 56
597 782
980 122
585 846
268 14
452 819
70 134
182 460
594 516
614 451
528 410
395 149
287 131
328 368
736 349
935 854
261 868
83 230
949 370
737 101
663 341
921 110
319 387
582 271
231 887
694 373
676 960
733 145
275 553
738 521
611 749
387 983
69 59
679 967
538 784
977 336
581 862
767 615
56 551
722 528
920 208
171 438
718 424
409 589
11 257
177 537
507 382
200 326
665 316
800 533
215 918
99 681
581 513
820 847
731 444
181 915
698 303
954 661
266 945
725 726
321 272
256 613
384 554
846 526
523 537
691 587
88 692
530 311
846 299
398 63
735 370
39 355
350 788
482 500
283 205
782 161
895 632
657 525
204 841
776 90
740 363
49 904
240 61
293 13
1000 257
71 93
398 29
829 60
244 588
94 364
378 790
986 713
738 118
54 628
69 695
940 621
527 587
775 701
153 214
795 259
672 566
379 954
197 229
568 903
862 538
563 652
168 546
301 216
283 885
693 758
729 805
456 179
462 405
33 651
710 719
508 339
381 219
850 962
409 696
632 44
46 583
654 902
345 570
351 212
385 423
523 121
263 322
414 826
362 523
492 718
533 416
502 531
357 308
474 240
238 9
596 923
461 470
464 454
837 907
731 408
570 790
972 934
629 934
685 583
744 29
657 634
621 329
158 473
20 410
596 889
319 686
160 45
198 437
386 863
644 279
517 47
22 647
132 67
117 523
173 873
853 135
66 219
986 792
606 449
520 492
313 626
830 137
373 989
801 389
285 748
622 815
736 874
457 351
184 385
529 499
752 196
862 137
627 772
848 567
443 781
100 652
672 261
732 653
264 452
148 814
397 125
26 142
923 180
581 432
654 260
896 824
382 893
345 613
297 465
374 705
590 561
860 9
331 702
723 144
337 445
729 615
862 709
780 200
983 563
430 945
37 753
132 943
499 78
883 578
853 895
693 714
710 664
346 423
538 985
903 35
542 993
928 821
394 113
932 753
656 755
859 924
20 122
702 634
777 897
634 864
396 80
52 395
608 267
898 707
542 71
703 916
816 888
798 952
11 422
363 807
894 513
492 577
648 513
462 941
946 794
85 982
894 912
347 511
366 329
151 551
307 797
972 89
320 400
742 695
753 78
934 485
96 529
868 361
799 937
692 31
610 928
293 116
387 243
192 841
834 312
139 850
340 177
285 752
913 175
787 882
737 547
130 691
807 591
421 400
355 404
13 198
107 247
918 331
297 275
134 910
732 657
344 961
184 874
278 52
540 415
361 642
508 713
616 956
715 701
582 113
475 311
427 680
409 933
768 748
197 846
491 545
185 910
883 291
422 877
116 178
552 738
130 848
517 1
612 946
404 95
812 172
371 996
387 779
160 715
876 811
665 438
993 513
337 101
944 203
233 916
864 786
765 645
18 604
461 188
673 892
157 131
593 137
608 279
826 338
551 14
242 188
65 925
691 961
824 222
476 977
974 773
459 133
624 571
342 210
952 2
937 466
840 260
541 240
890 466
768 404
308 341
881 61
668 245
249 443
122 171
426 704
91 764
575 646
152 872
101 450
144 968
342 559
973 839
417 993
531 405
97 857
376 272
681 401
404 584
678 936
801 792
805 880
888 282
376 494
943 998
472 141
884 846
14 889
76 806
974 891
393 516
968 461
334 753
650 740
174 498
432 253
51 236
707 890
45 383
158 38
286 123
767 614
306 745
662 502
314 352
650 454
859 964
146 617
919 934
497 827
119 388
817 456
712 226
91 239
54 273
294 256
479 780
449 297
837 918
181 914
682 873
833 451
662 303
414 520
660 864
221 886
52 603
646 343
942 846
579 880
156 817
507 189
218 312
238 831
902 660
924 220
83 738
433 735
251 176
606 490
753 22
274 393
566 844
244 687
652 758
691 360
89 446
622 784
623 569
826 797
244 734
541 502
674 729
624 916
190 688
400 221
379 408
369 760
226 323
909 84
487 40
254 269
900 381
672 148
222 815
121 216
602 905
500 484
952 696
2 198
885 230
83 20
87 102
909 822
19 976
349 297
520 619
690 6
586 788
736 233
76 842
941 118
34 306
733 244
326 682
138 500
712 977
489 472
676 884
456 239
975 728
820 671
860 360
112 960
385 422
189 888
707 231
747 742
343 243
453 863
171 46
348 658
663 828
43 223
137 406
122 700
341 926
33 69
877 700
594 662
453 992
937 767
534 971
976 147
427 205
29 49
837 906
753 693
42 428
833 431
100 421
618 635
659 215
552 217
349 856
526 869
412 93
548 977
518 761
541 184
545 189
820 497
126 856
843 944
169 193
723 742
988 418
545 814
431 193
161 549
753 899
114 639
457 62
356 640
253 966
87 784
335 266
760 449
415 354
667 29
460 821
615 707
463 118
249 62
982 918
715 297
330 281
277 510
813 732
652 222
70 207
932 62
880 839
934 280
992 769
455 899
82 249
687 308
331 782
70 489
441 479
495 148
850 133
627 317
7 472
447 273
999 292
453 384
236 784
502 7
638 79
181 278
276 126
797 885
760 985
937 434
409 667
964 163
252 141
25 939
543 361
547 874
684 177
498 156
1000 230
671 437
588 469
406 886
904 298
571 360
364 644
184 98
937 612
76 16
454 98
707 398
375 4
125 573
290 594
792 400
170 492
299 640
964 758
34 623
143 307
94 327
187 867
620 926
740 974
438 154
781 397
319 594
390 324
346 604
700 547
41 490
298 475
611 670
139 853
32 227
456 943
503 383
592 491
830 821
463 587
463 820
100 722
374 401
446 546
343 834
434 26
311 480
300 631
356 779
340 400
343 819
805 202
884 597
317 928
239 319
106 821
892 820
120 415
953 980
182 486
74 215
33 886
490 39
664 656
535 151
940 709
776 574
906 629
159 99
598 104
242 535
594 832
611 610
650 638
137 897
874 208
202 597
991 855
614 150
45 137
907 242
391 925
712 922
168 748
812 173
278 625
543 47
836 59
431 769
135 297
51 786
987 46
60 988
959 396
713 530
732 282
916 465
285 254
752 867
894 546
591 710
225 969
834 857
691 960
229 897
359 854
656 781
548 779
221 785
493 12
527 213
138 595
530 465
469 99
513 549
333 564
905 179
216 318
308 342
695 842
990 878
910 47
307 22
520 421
298 447
265 526
820 344
108 26
643 289
383 144
865 625
368 183
303 485
857 981
417 992
949 771
491 51
943 5
690 555
303 800
396 70
74 120
459 558
297 415
926 946
619 204
32 604
822 611
783 667
404 568
847 468
376 495
781 133
379 912
382 5
662 75
274 776
857 807
794 115
444 440
541 966
819 732
513 409
718 466
956 451
854 640
443 240
10 437
673 723
139 27
896 446
970 739
864 98
563 592
54 69
127 561
646 923
612 599
372 424
390 59
358 719
767 609
827 308
556 142
506 969
983 73
640 209
968 254
1000 175
77 62
519 171
265 140
