1000 4943
270 447
933 709
398 542
555 648
752 189
349 767
547 237
924 117
249 333
67 306
614 882
539 927
914 981
760 278
184 789
276 78
328 386
228 839
982 874
470 206
971 970
35 342
768 339
491 393
418 171
936 298
917 264
547 713
895 596
609 621
106 592
705 678
811 684
159 53
277 650
73 385
436 368
990 699
466 279
261 741
502 52
49 829
212 735
249 595
527 96
378 892
904 192
878 268
989 706
81 511
313 830
579 90
7 989
349 336
121 956
343 414
533 527
107 606
75 517
974 947
573 713
761 952
540 457
249 199
398 648
505 795
876 433
678 749
532 898
14 291
241 16
116 840
773 642
26 844
784 741
342 333
435 735
487 812
932 911
569 463
994 234
695 594
154 311
924 623
447 381
945 438
194 844
339 470
358 406
90 592
732 135
785 639
71 424
228 319
458 354
538 271
389 142
667 378
488 311
417 206
687 811
989 890
213 252
214 250
287 208
197 941
364 120
456 233
90 23
421 538
152 34
350 176
57 388
265 595
654 23
639 511
303 538
507 221
380 325
912 591
975 877
940 653
947 730
967 414
762 22
317 714
628 94
802 23
568 707
470 306
897 838
944 948
609 519
168 660
43 684
635 515
389 840
934 936
265 378
230 196
985 624
964 828
821 410
434 940
777 221
326 683
519 909
943 227
816 96
583 624
432 154
12 811
179 13
162 495
237 617
704 161
760 958
316 319
843 681
631 610
359 300
656 862
877 996
752 200
470 19
383 753
455 804
978 902
347 550
158 729
763 909
803 132
630 287
514 81
368 108
510 204
510 641
650 54
666 148
614 701
748 402
924 637
695 312
191 485
393 438
578 158
401 536
553 171
215 293
976 591
213 801
872 453
673 148
819 181
38 371
40 198
145 844
144 305
421 457
960 136
422 449
886 570
406 271
579 222
201 231
142 874
659 439
237 392
94 900
274 862
350 440
307 263
435 897
651 903
670 442
886 300
568 721
966 892
491 2
769 923
702 925
187 176
899 800
669 311
248 438
690 156
359 773
963 605
547 176
565 305
415 958
768 232
950 223
849 832
934 531
259 322
995 76
82 317
963 320
448 846
696 715
328 988
587 438
785 609
954 5
385 713
523 24
979 69
529 3
656 50
30 653
863 879
474 629
897 227
384 986
742 486
523 572
465 225
487 958
631 359
584 574
641 840
639 909
839 688
894 288
474 81
862 30
609 554
442 461
887 633
436 973
603 589
284 188
966 104
142 229
273 583
204 89
644 175
222 439
522 505
903 601
685 550
172 639
284 321
765 280
674 642
270 675
52 786
952 537
806 506
240 397
659 642
790 181
994 423
298 37
523 17
281 785
709 592
31 612
412 746
7 488
333 323
515 254
114 500
494 481
760 834
324 109
119 747
308 87
510 767
249 648
688 772
32 957
414 813
696 404
699 929
867 365
299 95
321 593
964 347
449 177
487 68
489 637
915 706
201 510
97 583
740 226
902 730
445 986
317 517
247 466
202 900
760 377
340 791
950 88
455 813
20 450
297 150
8 266
872 831
1 756
1000 595
341 138
853 824
894 293
547 915
301 446
347 988
277 557
649 986
743 995
562 182
998 776
893 840
142 68
896 51
456 85
3 85
993 786
762 256
897 733
601 175
947 855
359 54
316 199
453 963
978 190
560 741
351 199
982 772
968 937
619 130
505 857
202 181
554 174
971 352
371 333
25 770
192 574
968 703
980 305
638 966
414 315
218 334
971 260
884 322
261 137
209 513
49 703
536 96
822 327
694 520
805 192
272 884
239 644
455 587
205 820
999 921
168 933
573 740
852 624
562 503
504 734
545 856
48 784
582 776
822 909
949 59
572 745
519 999
703 593
668 2
372 828
377 910
455 859
967 939
328 691
842 611
379 658
20 923
611 88
795 602
728 220
586 467
586 211
399 650
698 34
682 623
77 476
512 288
902 88
798 633
750 374
533 793
929 75
650 535
666 257
494 887
409 280
743 641
907 252
676 368
488 393
345 845
422 138
588 452
398 879
842 980
77 318
494 724
464 999
467 789
214 948
385 849
69 95
896 250
487 94
219 279
954 503
493 612
338 551
528 448
626 104
970 160
894 500
459 467
258 337
740 509
777 77
336 685
501 431
679 653
378 154
170 85
694 977
159 901
147 142
556 54
868 485
576 331
405 159
334 111
634 388
572 536
47 228
790 135
621 63
915 734
399 433
384 150
535 62
55 485
465 586
172 602
528 995
853 599
267 348
819 347
487 900
326 953
992 752
921 692
78 227
77 473
727 306
197 164
519 105
92 414
516 552
955 463
97 496
276 920
6 31
545 335
670 395
636 610
32 976
821 426
89 737
716 688
326 603
826 336
179 544
334 701
533 864
337 773
377 158
928 31
492 86
200 960
168 159
742 34
374 613
710 524
720 524
994 528
314 341
818 717
689 263
389 226
213 823
949 642
625 287
770 23
826 232
792 56
290 279
777 127
62 243
579 807
565 781
839 91
487 9
702 891
626 813
715 945
239 664
882 844
530 480
612 165
172 108
669 810
280 563
999 178
492 59
987 682
587 481
219 708
751 935
535 641
3 199
976 42
902 282
498 779
702 705
92 606
798 683
800 370
89 900
878 30
807 411
343 971
939 246
689 753
279 392
619 929
806 75
750 212
808 699
112 626
459 454
705 853
153 16
963 54
393 301
51 327
731 761
736 973
491 195
589 176
681 407
165 278
167 30
352 176
79 968
687 714
744 892
991 267
669 939
802 475
787 373
570 664
475 58
168 400
849 838
244 707
998 500
833 58
9 21
399 729
907 572
875 419
984 751
740 414
342 548
163 969
917 261
991 473
314 359
425 357
388 127
669 347
979 52
669 581
998 261
655 620
303 955
677 996
821 207
290 476
74 17
37 235
60 92
194 893
427 662
673 722
139 599
361 587
247 48
721 774
202 445
935 445
114 11
976 178
994 177
635 26
347 745
197 554
985 127
397 526
14 603
133 401
625 619
620 790
387 223
371 962
557 645
249 308
586 506
985 309
568 340
761 138
97 419
153 113
299 254
616 897
546 744
409 113
635 981
215 503
804 176
53 382
164 154
865 840
850 767
580 770
728 53
584 612
803 120
354 631
241 862
914 502
954 244
712 606
758 300
977 128
857 671
725 612
121 204
425 409
946 39
694 242
638 301
661 422
312 662
386 869
443 636
63 476
302 305
112 241
216 50
180 88
73 34
452 753
534 730
752 11
222 605
464 182
889 763
817 374
708 534
503 737
389 970
350 534
121 801
422 814
646 915
538 831
518 843
355 684
9 993
546 937
337 781
787 820
731 25
328 394
970 530
276 487
991 749
66 177
389 27
819 161
95 828
145 776
761 307
701 157
560 191
226 424
317 607
728 229
835 715
819 645
619 512
866 79
25 702
408 256
579 292
462 680
724 150
839 309
768 917
677 101
881 572
182 246
681 98
865 269
648 747
847 661
917 815
465 322
619 727
343 981
412 481
860 531
876 139
620 346
475 233
865 382
539 438
975 300
596 250
942 490
13 664
750 612
651 757
881 161
885 181
478 927
676 297
413 196
802 366
342 159
606 269
605 477
183 580
57 720
920 40
259 12
723 563
934 415
280 910
954 566
229 108
964 844
303 863
89 265
509 606
716 63
827 593
956 955
668 717
632 790
483 858
484 481
780 707
26 836
324 844
694 340
141 153
846 402
550 327
967 106
826 257
496 41
395 252
975 254
525 59
626 424
231 94
928 96
696 877
967 31
660 626
112 25
493 148
429 940
598 706
434 441
751 875
1 685
459 554
883 59
131 757
371 280
499 463
743 389
759 877
396 138
876 567
677 23
527 782
547 19
96 438
944 906
109 33
728 17
654 313
333 499
622 263
949 221
201 951
157 39
998 146
832 17
850 476
558 853
571 799
728 331
49 379
950 116
473 880
274 182
758 981
864 15
277 347
540 701
355 929
348 440
712 660
395 410
584 894
785 803
933 986
309 485
415 115
460 681
209 81
889 663
345 810
710 786
553 684
127 169
393 566
38 1
663 641
904 191
540 264
230 213
238 356
966 118
811 517
329 115
503 965
77 352
189 593
465 627
961 918
28 158
999 250
984 252
766 707
483 260
234 269
665 578
366 717
312 697
739 684
244 233
7 593
448 9
672 606
178 597
712 80
796 15
736 732
614 138
846 989
974 496
25 991
338 911
101 433
636 156
586 850
89 199
823 218
364 880
64 149
699 813
852 17
429 757
654 777
397 972
204 232
436 918
214 757
560 429
225 59
118 229
618 15
528 342
967 517
745 300
768 159
348 634
516 447
37 983
976 973
79 762
456 882
483 663
429 321
564 716
506 321
212 250
587 63
731 358
826 195
667 127
539 176
460 735
245 714
687 423
871 138
935 107
620 61
69 321
567 376
932 286
381 880
478 672
935 500
258 176
712 771
161 771
78 784
530 58
542 46
564 949
344 309
73 751
470 592
17 746
128 684
112 379
718 186
187 964
663 527
619 863
313 910
174 706
468 840
864 531
506 729
33 223
876 373
959 572
805 484
954 475
493 45
383 11
629 918
929 782
9 745
926 541
410 706
562 319
749 252
804 684
400 154
864 452
881 905
183 475
901 87
970 927
274 373
210 513
64 668
283 375
503 357
739 969
262 692
91 184
491 575
183 726
60 470
914 832
5 307
172 402
281 704
982 509
991 566
35 816
216 909
553 888
754 372
37 840
92 869
616 365
465 41
474 728
798 535
658 110
752 157
187 118
644 634
811 477
205 423
100 323
500 104
299 824
882 222
567 786
289 319
775 535
185 203
433 476
77 696
410 563
852 372
891 108
873 553
711 313
469 62
141 561
430 711
899 947
921 911
614 593
11 582
567 581
74 836
201 495
990 759
520 960
192 667
652 696
528 443
33 233
872 141
789 103
203 332
849 324
558 566
939 592
866 663
283 539
108 813
865 123
568 955
819 125
75 208
112 130
185 204
358 587
387 402
444 526
23 331
299 660
452 744
586 406
822 351
143 314
596 942
663 254
397 175
332 321
632 402
851 189
872 385
302 409
374 890
748 390
34 810
308 189
71 627
826 318
864 613
113 660
663 538
557 115
61 441
937 311
377 457
736 410
51 920
179 562
914 579
628 803
397 313
293 203
43 969
281 70
796 246
283 429
803 105
415 877
894 351
652 227
143 585
184 225
442 973
455 9
650 636
355 88
209 965
947 828
513 300
225 590
663 630
538 476
403 686
118 169
282 30
255 762
799 34
183 443
529 570
215 315
724 898
412 404
216 224
283 666
872 983
84 344
547 407
414 87
514 244
932 91
400 828
862 203
93 510
57 672
205 519
276 340
430 874
669 451
209 941
212 4
430 439
768 956
767 732
420 395
749 531
276 342
957 617
444 320
546 907
799 591
546 225
775 152
765 103
532 489
864 95
864 318
976 165
688 28
635 963
997 168
926 838
428 597
751 797
909 599
161 633
950 827
184 891
125 563
793 198
129 72
405 776
759 169
786 36
239 157
895 562
527 807
94 88
648 911
260 778
464 203
58 278
470 701
530 770
822 844
987 626
718 781
131 11
403 335
78 282
928 254
801 352
766 498
714 220
469 952
695 409
532 813
894 587
555 362
420 596
281 682
134 363
534 703
283 729
363 621
233 700
379 995
877 198
415 356
91 753
359 374
648 124
740 344
61 452
991 86
798 344
84 795
93 717
103 931
640 411
382 591
454 40
845 664
369 856
960 306
23 477
500 414
872 735
205 403
339 335
333 593
659 22
676 930
572 378
594 734
701 517
596 368
299 16
282 248
211 210
946 534
377 62
396 653
508 653
255 37
883 315
214 379
922 325
870 23
558 548
324 447
489 563
218 19
271 506
646 644
807 41
82 377
849 101
356 165
139 319
449 199
231 600
126 513
355 363
679 606
354 322
936 981
708 84
161 311
209 649
342 227
949 313
767 981
440 807
442 87
478 308
715 524
180 871
395 928
289 744
236 177
716 734
491 526
885 103
832 706
869 392
66 784
283 794
987 857
227 582
489 564
401 903
281 903
970 624
57 152
202 966
773 178
995 510
725 713
328 957
102 887
964 86
857 623
824 541
808 336
748 443
860 924
593 463
631 353
819 575
802 962
466 610
216 817
487 824
805 13
698 457
882 999
520 968
631 160
542 222
630 33
711 264
217 124
6 248
328 633
935 622
661 335
568 337
781 513
7 27
82 549
73 447
928 461
302 120
12 499
25 89
255 973
716 927
643 92
954 657
612 600
884 229
443 639
760 939
338 619
585 256
344 232
309 981
70 951
534 150
992 270
114 485
458 409
500 928
449 517
929 838
785 57
126 62
199 156
163 583
419 154
219 948
627 26
518 869
642 890
377 499
68 243
359 481
10 46
124 509
364 441
537 848
754 753
919 809
630 499
79 619
657 758
387 969
7 16
49 343
692 357
948 508
565 332
290 4
573 972
994 605
518 562
813 269
615 897
971 723
854 433
586 377
343 706
839 569
571 880
989 76
516 44
6 534
227 199
64 675
376 117
981 365
412 115
90 341
181 207
719 501
204 288
705 816
425 675
209 577
57 936
598 930
926 171
638 657
783 157
344 781
219 651
695 506
109 755
440 438
403 42
258 654
236 452
334 744
607 177
743 413
668 749
366 778
967 986
470 836
272 169
436 34
626 357
183 925
718 199
349 608
679 311
760 953
298 408
907 902
375 591
77 594
905 513
139 741
448 537
689 190
168 124
567 279
326 542
293 473
665 160
141 951
574 511
628 683
575 898
314 304
484 63
356 784
299 534
655 431
161 116
337 681
244 68
791 703
258 649
556 981
698 595
245 476
390 394
265 713
503 98
505 263
324 599
26 446
935 863
973 441
167 892
978 179
278 321
562 756
338 442
191 732
620 322
837 708
471 618
73 623
414 596
659 132
609 848
224 653
391 84
562 826
319 22
543 973
811 117
197 288
951 603
632 408
719 26
914 126
389 484
155 718
138 753
598 431
771 325
895 531
469 572
715 233
147 206
203 477
421 110
557 28
939 481
210 828
852 115
194 207
432 334
430 642
571 660
658 387
312 457
917 697
168 344
520 909
192 575
5 843
464 926
874 685
708 996
584 21
43 365
489 361
588 863
455 720
402 476
114 265
277 203
575 404
369 582
435 86
281 579
943 207
670 781
596 854
32 929
380 594
586 773
56 417
71 256
326 520
440 476
167 524
663 651
10 780
873 311
708 666
431 550
68 684
469 709
225 11
36 437
379 580
826 845
180 16
575 191
704 503
557 939
843 880
104 288
483 185
213 704
548 741
773 370
788 287
159 729
754 868
421 563
405 414
614 404
64 171
500 28
635 420
170 217
428 683
329 453
747 911
5 957
57 380
493 534
573 401
899 22
173 408
615 449
192 158
428 841
748 583
342 784
141 976
808 628
934 500
420 55
295 901
297 324
615 764
835 58
194 174
84 561
712 469
970 101
515 449
681 929
114 89
648 172
244 661
261 593
991 825
121 556
529 351
616 863
124 130
90 30
502 188
456 370
826 81
132 706
847 398
185 17
798 155
230 388
231 981
766 239
17 713
531 981
621 154
94 457
655 857
5 852
555 956
139 595
482 864
635 298
997 911
754 865
340 563
234 336
905 730
608 963
78 770
112 282
225 373
850 717
10 830
181 111
858 683
929 186
179 945
290 203
57 103
899 424
114 80
976 123
558 288
765 793
545 394
66 860
954 610
328 663
345 745
896 279
623 177
516 106
93 124
976 965
792 722
703 690
64 185
342 457
656 759
112 490
514 128
936 818
858 68
629 203
560 974
686 130
9 223
25 556
49 644
821 509
658 333
401 617
371 641
712 772
612 335
448 100
300 88
247 867
584 488
434 316
513 828
533 715
801 353
263 381
293 572
57 547
940 697
367 911
596 955
170 258
280 393
317 81
420 459
361 239
750 68
146 901
577 12
978 244
353 1000
262 482
944 661
615 802
302 693
572 746
123 104
505 661
771 23
338 266
162 123
471 261
271 250
578 169
809 461
44 737
401 908
48 601
887 721
46 292
389 795
712 213
144 706
895 250
218 511
399 235
342 824
798 862
812 368
460 861
10 381
466 286
48 717
945 593
712 879
488 388
159 747
769 790
771 67
735 242
421 582
430 951
409 383
669 757
565 542
766 764
837 852
217 891
234 827
217 60
329 495
926 820
628 178
957 741
870 709
547 627
670 705
638 314
241 387
399 660
71 667
863 357
496 157
866 116
645 856
740 496
704 753
796 418
2 838
800 933
162 897
26 763
547 797
949 550
287 963
895 145
990 888
224 444
828 741
884 506
443 922
852 633
959 935
780 315
191 964
379 242
997 369
760 636
192 331
970 594
369 440
630 306
260 313
832 938
140 191
801 11
654 968
73 26
183 542
838 269
845 649
426 842
904 929
718 423
588 486
796 700
283 851
353 42
950 519
419 243
37 512
752 206
132 130
922 198
488 675
281 553
101 104
565 825
801 664
343 965
362 824
76 653
179 920
973 623
364 639
995 734
134 382
104 606
725 703
710 55
121 924
215 314
345 271
453 22
669 578
970 605
201 271
251 485
774 357
172 15
796 28
963 300
710 509
233 15
215 171
345 184
863 145
372 287
261 463
635 740
944 698
687 466
548 34
675 999
750 246
289 708
516 221
386 637
570 33
280 786
298 145
389 427
905 578
301 313
621 602
696 867
568 79
52 928
139 806
920 774
995 48
264 859
743 349
428 9
502 501
655 817
216 169
452 714
329 955
897 54
194 780
240 676
573 681
724 126
161 68
657 693
893 503
180 521
897 167
757 593
863 158
421 962
405 888
905 161
655 536
38 989
89 383
808 267
826 246
666 828
646 949
3 949
423 100
189 353
742 505
407 981
980 9
564 550
123 370
694 380
234 637
749 65
865 351
276 890
97 376
425 27
482 92
232 86
782 690
162 523
785 705
307 537
405 861
900 365
936 563
539 324
408 439
979 409
281 482
997 289
748 204
801 30
55 774
214 53
560 842
789 463
475 84
134 65
562 930
769 909
33 306
886 682
769 486
398 608
774 309
131 570
399 913
873 359
283 288
528 70
782 778
890 336
643 192
994 715
809 232
846 871
153 844
796 53
299 623
291 250
401 27
142 814
497 548
77 875
867 120
758 820
668 127
187 679
640 207
672 559
401 501
909 782
253 511
806 340
820 912
862 442
222 593
560 512
985 124
853 422
819 545
676 523
953 727
953 138
884 524
834 789
632 327
979 447
834 72
216 730
876 613
608 304
165 250
774 877
313 591
530 512
60 687
914 623
686 727
768 955
376 756
195 344
343 389
842 107
308 726
71 922
240 4
539 338
686 397
873 394
379 938
515 105
821 165
469 880
273 663
698 103
539 904
646 910
351 490
943 135
542 844
27 602
390 746
231 794
345 927
530 706
787 580
436 831
866 226
954 259
310 784
907 99
409 347
265 856
907 334
546 2
124 589
459 445
568 651
143 986
937 221
90 402
765 726
924 684
917 736
137 463
122 535
818 24
627 945
729 838
144 930
801 282
537 59
166 279
277 325
277 810
655 798
202 578
752 803
161 322
289 373
534 151
97 540
494 318
151 22
227 193
630 89
694 425
351 157
218 260
902 509
679 145
865 266
701 441
80 882
669 336
573 395
428 85
802 115
873 435
412 54
183 221
973 250
629 829
833 996
173 657
743 382
835 233
574 100
584 372
183 459
141 318
380 961
109 831
518 353
382 381
848 108
837 935
983 700
805 429
473 908
628 832
129 818
69 266
674 690
683 513
134 21
944 783
413 53
812 534
172 856
507 292
415 193
163 591
916 23
238 970
259 780
224 58
944 507
63 595
227 746
716 110
762 666
795 963
415 283
603 756
716 145
543 51
539 392
81 685
761 67
779 499
289 553
266 374
395 807
70 786
188 1000
200 130
73 660
136 814
738 427
194 386
195 732
79 104
913 108
289 263
992 232
131 59
151 633
905 77
561 776
384 840
728 157
460 155
488 599
387 68
604 874
237 911
53 770
89 313
114 816
363 783
14 34
783 592
358 408
259 898
456 288
977 700
771 368
726 300
244 520
913 212
200 606
913 531
790 167
519 274
884 243
867 157
779 690
466 948
829 771
893 123
768 315
551 981
720 975
92 229
58 154
648 406
711 278
561 617
834 813
655 707
895 653
273 780
769 903
511 692
594 693
984 692
403 820
540 838
8 79
85 485
944 465
80 113
546 637
247 709
802 979
726 605
750 318
273 586
238 18
276 510
539 390
244 893
262 770
528 917
620 240
234 733
327 296
575 574
989 400
883 149
294 836
850 365
722 566
208 517
500 707
953 972
546 351
527 419
673 311
144 797
949 509
695 290
710 118
681 669
648 840
478 368
687 553
329 670
194 805
528 120
13 53
695 815
686 888
40 536
47 626
60 459
530 288
762 733
482 990
478 354
155 339
896 806
416 779
608 624
878 864
934 77
187 968
811 703
540 519
771 149
79 496
961 33
209 708
964 42
387 239
842 817
97 901
679 76
917 124
203 517
3 724
482 247
281 781
693 485
362 26
326 44
930 376
339 597
989 538
38 368
849 239
939 304
542 154
427 484
564 154
991 854
133 850
823 737
346 99
752 130
792 558
683 762
631 704
532 139
624 717
955 98
283 74
79 55
328 569
990 812
535 30
518 50
761 548
26 58
462 499
959 531
818 46
982 175
240 571
527 682
133 957
530 356
284 476
147 409
168 327
728 198
133 662
743 873
581 221
71 541
765 646
542 27
911 22
346 251
515 227
954 321
455 705
455 780
80 360
562 804
262 981
669 523
428 485
820 92
144 725
600 939
328 721
240 366
293 508
538 454
24 309
97 321
813 11
885 128
788 394
289 218
823 86
628 577
802 857
695 421
133 552
562 344
668 632
716 937
344 745
891 185
389 293
184 869
657 171
364 229
46 42
719 72
213 968
25 116
407 268
64 670
635 290
873 211
448 637
711 759
180 784
396 770
91 186
644 265
220 606
702 949
324 794
429 741
873 892
194 362
710 195
656 918
324 87
119 477
420 678
50 417
751 562
188 938
864 617
259 442
667 707
890 729
209 815
673 514
338 98
693 591
487 922
272 132
754 27
38 833
276 1
362 613
37 356
465 757
302 698
621 983
307 864
14 916
471 486
952 928
20 721
688 373
625 606
991 257
938 671
722 352
371 341
579 505
942 319
725 181
636 171
102 646
748 122
949 732
325 199
822 143
860 803
701 481
759 149
831 536
614 152
528 874
172 976
763 40
926 249
413 879
968 911
843 80
769 789
37 292
58 110
918 407
308 561
499 208
427 863
617 360
672 88
502 955
70 691
451 85
839 36
52 746
364 767
363 401
78 684
537 641
3 381
901 54
775 651
266 617
373 583
542 871
584 891
247 921
656 742
362 421
876 500
290 777
236 603
510 142
240 969
666 800
994 62
133 237
942 909
678 784
672 294
249 672
354 790
450 867
944 487
912 54
386 781
245 562
627 545
367 368
222 685
498 138
426 191
799 925
665 419
139 75
450 41
361 79
805 839
643 116
114 122
646 227
812 178
460 932
997 309
565 977
805 947
290 68
736 439
990 582
57 669
349 508
208 906
209 28
64 825
211 570
711 845
655 192
924 19
822 677
568 836
18 623
681 16
627 697
24 813
187 715
832 132
408 321
819 845
725 268
881 527
980 433
587 976
859 23
518 10
273 294
294 486
386 95
422 252
667 569
187 356
616 650
502 581
449 178
694 274
822 455
660 422
25 216
361 686
60 807
170 818
940 553
833 481
957 816
979 181
64 897
864 552
507 46
881 906
435 679
351 969
611 542
254 419
129 947
583 17
413 706
866 387
217 424
539 98
318 109
114 138
584 294
459 679
170 453
751 225
686 412
542 734
910 441
839 493
146 657
792 282
899 127
673 43
975 327
577 956
762 778
192 233
861 103
957 43
786 784
488 506
640 23
915 744
110 17
955 251
454 132
47 889
64 467
444 892
27 42
822 763
622 737
992 650
689 707
241 758
170 61
205 49
579 246
45 880
566 439
792 183
264 879
536 838
3 42
224 24
648 341
351 15
5 600
599 706
686 603
194 672
11 986
751 109
749 104
622 910
71 124
163 231
398 521
275 545
790 287
372 921
846 797
421 803
714 634
704 886
166 883
797 423
708 723
139 461
584 961
136 517
694 849
974 542
607 442
183 361
573 246
775 37
885 938
652 606
299 910
211 45
47 100
284 216
968 101
915 606
735 508
93 81
577 891
350 495
618 449
519 177
483 941
249 152
122 406
568 292
752 1
56 910
164 151
920 556
297 370
107 810
118 257
738 962
963 59
17 296
273 627
456 247
662 150
259 928
153 851
961 113
798 310
339 431
153 987
162 515
934 618
273 524
806 438
163 688
863 993
594 75
978 788
903 418
390 495
835 130
909 322
696 828
92 906
770 98
93 511
555 444
113 481
414 394
722 167
957 513
482 269
464 256
872 157
230 568
854 29
870 639
414 260
696 939
732 111
384 924
385 2
719 59
704 352
687 759
264 55
247 188
656 387
748 76
487 56
197 813
328 745
609 186
471 882
196 300
124 72
197 297
525 735
985 649
530 225
141 726
359 24
80 931
228 836
908 550
820 253
162 653
645 30
214 439
474 834
350 781
341 309
48 433
83 664
836 457
901 476
812 538
970 647
790 433
222 322
956 937
478 317
443 269
688 566
760 610
285 45
982 637
859 72
805 321
143 366
660 664
762 717
632 9
392 269
506 753
49 348
273 901
875 671
342 17
860 233
770 257
539 874
495 907
112 368
443 36
612 27
201 869
310 570
547 442
250 550
434 84
954 408
792 349
619 182
723 550
887 747
47 949
121 870
802 1
738 68
434 39
161 869
326 89
561 707
93 813
227 727
646 918
121 105
598 840
472 595
677 447
643 54
567 115
465 810
276 482
576 243
253 221
184 570
981 734
672 156
64 736
967 991
683 353
464 778
181 593
665 263
846 55
452 589
650 191
652 578
815 150
412 222
640 422
487 268
927 105
555 118
738 458
920 665
314 151
870 642
635 267
728 151
301 531
638 371
568 139
473 572
402 746
257 34
993 248
568 816
704 373
854 827
908 327
715 142
961 561
805 142
494 239
516 379
354 985
646 140
995 314
808 354
675 691
989 842
788 983
699 334
919 657
60 285
544 685
942 88
673 15
640 368
954 314
228 427
557 882
496 275
295 157
443 764
5 541
7 809
134 478
58 431
158 730
518 100
694 879
720 360
645 461
254 296
389 505
159 790
17 86
623 87
433 151
210 706
69 27
94 269
397 17
832 986
762 827
449 311
765 222
964 498
289 891
179 964
886 291
35 103
371 843
672 957
773 148
369 803
61 642
596 454
812 779
372 392
787 789
76 103
452 939
385 250
623 268
241 499
440 157
978 233
829 72
5 75
977 906
100 306
542 169
870 266
467 251
657 306
675 501
70 611
398 26
740 602
609 540
811 757
573 526
460 375
278 746
389 482
447 382
191 42
402 527
872 844
584 462
73 225
436 899
625 967
12 393
166 161
518 650
813 176
615 228
945 309
893 599
529 182
566 341
968 39
731 581
73 645
274 181
567 89
366 439
818 645
884 251
224 778
80 561
977 709
750 349
338 150
631 410
216 871
35 138
716 524
697 582
882 945
916 800
146 185
487 892
6 66
744 477
686 981
570 208
764 461
129 598
565 140
470 746
514 507
586 732
386 860
735 348
168 632
520 749
535 440
284 727
823 879
436 231
966 117
861 268
662 786
368 21
847 935
723 800
172 636
944 739
934 447
160 257
270 732
798 542
914 611
347 59
93 723
436 221
412 928
742 351
523 886
121 666
124 335
433 99
968 189
539 118
843 149
990 755
609 214
285 811
350 423
885 365
796 807
897 664
819 92
802 60
35 950
640 756
787 570
993 119
129 910
97 721
685 198
542 593
230 39
168 990
803 602
418 590
515 964
161 592
646 691
518 644
658 600
103 59
142 945
647 322
766 592
682 824
916 839
367 61
459 820
922 644
668 507
390 583
121 360
800 232
893 730
802 196
584 879
64 613
141 223
867 256
812 570
961 859
81 287
343 782
964 304
857 794
695 416
483 78
477 590
369 656
85 595
904 741
678 888
638 225
568 594
695 106
73 303
872 10
112 382
738 715
5 787
562 519
805 279
393 720
303 488
866 863
784 431
677 667
977 433
346 909
312 480
195 282
921 732
995 312
333 641
639 117
887 912
228 851
657 210
732 855
237 986
866 958
917 904
112 604
2 287
831 653
888 461
617 753
245 779
708 149
668 801
677 930
934 307
3 89
564 582
64 526
113 685
100 248
100 703
714 15
456 113
937 145
493 291
522 407
964 713
68 148
564 411
529 335
927 747
713 256
532 515
163 803
664 892
991 499
422 481
426 838
61 106
428 639
51 75
672 433
465 746
657 600
975 378
967 394
881 442
898 248
276 324
3 388
663 999
113 171
412 446
414 334
839 667
695 893
954 195
494 45
811 157
204 709
61 332
689 611
885 104
543 997
569 419
933 360
3 419
491 911
405 335
615 890
579 95
97 945
972 265
858 989
342 80
434 604
881 290
384 454
662 937
391 293
591 296
983 747
886 198
523 463
469 945
66 110
399 598
665 931
161 223
949 473
733 28
462 882
325 840
917 341
243 327
316 23
282 227
500 606
637 117
267 983
587 986
470 359
518 21
805 512
93 163
467 892
539 450
998 823
744 335
682 132
964 446
928 406
728 563
65 171
358 999
968 951
625 7
218 928
240 227
934 554
277 285
170 847
702 67
366 76
428 164
747 59
196 707
927 729
487 508
658 552
270 987
241 729
458 931
384 631
648 900
284 140
153 605
444 100
638 291
565 65
486 841
273 148
758 94
538 424
24 88
51 23
798 435
230 997
216 704
349 103
680 252
518 382
917 640
588 706
755 169
23 145
155 623
572 880
283 716
447 207
214 206
144 22
1 968
456 264
643 124
256 490
172 164
719 836
899 391
406 321
460 988
378 463
529 133
6 221
750 95
382 485
38 875
20 482
646 801
980 296
354 779
210 593
337 546
302 716
712 680
840 509
215 495
674 408
401 269
829 794
24 746
97 500
140 732
891 449
191 871
511 411
859 111
181 23
471 936
674 75
91 53
889 78
673 231
695 71
967 23
627 360
275 63
386 198
965 955
903 431
835 151
285 319
693 418
285 725
668 805
859 269
625 725
520 292
259 595
43 602
478 966
887 845
430 445
131 323
896 123
932 476
397 472
204 256
351 965
389 402
856 879
447 772
253 599
487 720
881 857
772 597
866 325
14 854
118 137
336 39
465 498
943 315
112 840
571 151
915 167
399 126
57 147
240 733
655 225
150 595
762 679
743 542
364 50
102 311
777 764
435 749
964 9
162 37
71 157
214 4
203 659
384 604
757 910
768 433
759 958
872 781
320 602
686 933
874 746
980 789
144 861
469 989
712 826
530 98
495 282
662 690
921 110
831 727
351 962
561 439
456 432
48 275
967 617
819 404
965 157
179 885
787 264
788 762
861 476
475 409
702 405
667 527
505 783
625 488
991 136
413 438
35 735
994 827
471 815
989 867
298 541
133 23
173 128
193 706
290 558
345 734
492 859
54 246
274 239
780 265
400 151
594 910
785 581
808 979
244 43
941 251
154 223
49 3
565 746
859 542
108 157
273 813
403 501
936 773
645 29
918 149
155 986
552 480
926 736
160 948
819 592
141 185
894 713
532 385
881 33
935 441
956 45
960 811
426 155
293 376
47 174
395 818
575 927
109 662
554 232
475 762
23 653
38 284
922 1
759 177
227 256
870 412
908 551
493 739
765 170
277 989
710 629
231 332
719 379
737 457
721 844
919 161
802 31
320 424
464 845
121 860
69 803
752 48
950 439
571 155
310 429
610 178
665 261
823 836
686 184
337 225
459 227
853 841
931 764
307 195
456 732
159 680
908 536
651 176
743 323
249 336
987 969
462 741
86 365
822 443
423 840
237 271
458 204
496 407
426 911
406 169
961 243
946 732
661 865
31 291
362 758
935 940
970 828
627 757
523 773
259 370
243 764
483 963
47 483
766 386
967 696
162 161
383 226
767 115
131 393
155 936
128 844
950 947
643 610
792 352
522 16
153 408
399 889
957 490
46 717
12 818
894 433
159 685
163 476
165 123
432 488
349 642
397 247
759 344
153 265
598 259
429 1
373 517
641 108
852 506
209 33
238 857
287 697
168 501
77 741
831 305
483 656
652 31
298 697
213 976
941 439
895 355
346 141
681 569
991 321
775 867
247 351
162 257
819 496
417 880
568 688
474 700
293 531
967 613
702 433
978 691
851 359
376 417
79 657
214 255
586 969
164 477
915 383
862 321
576 949
21 597
226 713
944 3
230 415
766 246
161 901
53 292
760 235
3 445
121 318
540 135
421 947
318 378
564 208
988 99
712 142
604 868
15 152
218 833
864 404
826 727
6 927
405 541
483 862
185 233
66 279
289 37
262 962
35 787
932 373
570 720
244 699
780 254
704 929
889 125
262 777
853 111
546 467
450 105
659 703
255 261
992 717
113 993
668 495
354 54
190 127
601 111
530 85
622 98
987 667
71 375
915 62
607 65
413 335
369 200
170 580
651 510
725 347
375 909
763 882
586 332
568 719
197 691
881 117
954 293
241 323
60 897
455 942
733 941
586 479
821 617
382 890
951 176
348 830
367 441
454 703
631 637
816 157
281 665
708 411
466 794
950 72
308 691
935 849
994 613
147 165
460 137
421 31
334 221
436 662
870 435
266 968
672 603
985 580
359 288
412 862
399 692
847 767
168 831
443 781
417 411
465 853
933 374
69 15
377 1
982 125
366 260
913 86
608 968
835 470
97 186
576 161
918 756
796 497
355 131
60 678
68 418
106 976
712 267
797 419
434 859
630 793
788 224
274 288
210 521
646 2
80 85
218 41
578 185
228 920
339 42
214 607
731 406
641 479
970 319
435 903
755 937
628 89
204 46
405 411
443 88
465 829
959 174
890 246
672 429
985 940
31 177
379 48
949 777
343 46
121 229
919 556
170 509
479 117
338 907
45 21
45 480
193 511
856 41
654 721
234 94
287 1000
752 74
869 457
809 706
408 730
979 293
484 983
324 411
417 327
612 937
92 199
25 617
37 156
172 315
443 407
979 146
356 233
930 105
51 902
530 610
363 703
549 721
2 33
166 291
759 188
939 154
821 891
7 304
335 167
134 781
601 911
339 160
419 828
124 327
159 117
273 242
241 850
75 871
455 782
846 639
293 715
172 256
82 792
466 229
283 953
731 198
974 760
949 382
436 295
183 725
368 437
122 723
497 279
904 81
940 330
64 67
192 136
302 983
12 296
216 201
351 76
950 279
399 23
198 148
258 63
460 508
630 490
944 955
301 507
354 120
984 206
109 999
658 115
863 739
989 137
422 602
927 242
723 158
921 15
872 78
284 452
144 703
287 644
491 764
788 415
607 165
902 106
573 875
960 561
922 232
680 888
63 376
718 333
375 442
197 417
426 43
520 175
159 479
833 611
479 392
458 433
619 232
638 233
819 913
894 119
142 929
933 664
553 311
203 951
683 948
614 557
970 739
851 855
458 568
786 439
14 594
609 28
792 359
951 840
200 185
462 374
674 855
396 287
469 831
384 383
555 501
79 176
802 55
651 621
601 778
32 27
876 65
380 62
819 279
491 552
460 713
990 201
55 17
774 479
798 419
297 444
668 232
10 376
817 583
71 208
549 699
236 234
915 321
458 739
19 811
520 964
171 880
946 566
497 331
926 992
432 356
857 517
812 664
217 307
205 588
168 117
79 159
919 142
473 960
941 157
283 906
835 743
90 667
106 541
309 323
998 585
568 266
109 75
272 721
523 868
846 159
173 814
519 136
247 520
585 969
141 373
860 820
992 965
57 961
738 610
850 104
299 524
266 700
386 716
571 79
802 775
711 195
342 930
453 42
237 312
722 109
917 54
798 65
670 235
638 106
234 441
876 811
915 589
555 911
628 719
883 65
222 39
337 402
118 116
282 309
47 909
102 807
468 99
822 886
469 961
769 400
405 891
865 814
661 947
520 553
334 524
902 921
194 684
428 459
211 941
530 671
913 368
234 630
475 864
350 282
80 810
84 85
726 593
768 644
695 15
328 500
661 388
149 746
964 603
723 662
170 823
816 174
943 976
944 204
214 629
177 815
626 589
225 633
882 419
475 91
239 34
920 689
229 531
712 681
675 319
743 357
15 526
329 657
401 268
238 494
739 647
497 784
21 531
133 770
760 874
890 793
66 602
91 853
834 30
983 16
568 828
364 346
241 704
609 603
159 966
702 61
301 327
356 633
546 108
324 437
35 359
364 28
736 29
978 405
999 591
902 292
25 880
371 553
101 746
211 605
710 513
452 836
930 811
71 167
238 262
4 791
566 600
423 706
369 94
970 27
941 697
876 741
621 266
343 871
659 606
709 603
215 149
219 87
13 65
61 254
742 508
795 634
216 260
624 86
272 59
456 680
458 692
538 999
230 446
577 320
760 736
673 692
798 603
775 957
566 727
950 909
825 36
916 341
741 34
258 21
385 667
280 581
106 437
5 685
745 30
102 308
31 685
838 311
584 850
293 440
180 72
881 954
672 726
761 791
81 50
101 937
765 36
385 595
854 24
534 884
920 468
954 380
184 559
746 439
303 814
967 605
369 301
308 912
454 34
225 353
971 926
523 261
656 285
416 135
172 717
290 877
57 590
518 504
205 488
959 769
814 706
670 748
692 880
909 726
236 305
316 717
210 508
295 344
698 740
150 730
544 845
742 757
564 253
656 118
196 439
569 827
72 306
510 211
294 39
991 341
704 180
957 624
796 408
763 87
393 960
637 199
982 632
217 644
803 653
402 782
147 868
366 513
767 353
819 523
426 591
99 127
134 345
864 727
879 323
444 633
434 200
492 828
952 885
273 401
826 786
663 388
403 575
631 414
203 745
151 336
407 31
228 403
999 44
700 41
527 757
364 271
952 431
720 929
240 918
121 171
632 226
5 544
317 323
949 831
645 850
698 438
273 349
71 291
143 950
989 594
683 267
369 188
387 863
940 813
614 220
542 521
209 587
943 352
504 271
432 28
345 781
199 485
259 526
843 275
534 550
573 174
954 203
904 16
116 593
264 890
64 631
835 229
46 892
12 495
344 125
716 923
740 650
576 898
679 774
259 545
866 779
351 335
297 540
816 662
473 235
638 511
912 410
412 891
650 704
56 566
861 4
638 246
992 258
989 285
759 499
501 948
155 212
91 453
307 623
474 943
380 586
656 36
971 700
372 437
607 250
191 127
576 657
605 370
522 142
79 360
979 259
157 526
455 809
162 955
26 541
328 537
863 454
421 127
205 258
334 816
759 682
160 996
299 392
301 879
982 304
729 844
749 550
843 26
133 159
113 313
421 153
276 904
558 180
650 189
483 561
907 550
13 182
69 41
414 161
144 856
533 53
917 864
771 813
772 165
224 78
97 432
759 925
5 530
483 85
781 177
31 531
492 157
683 659
278 734
317 454
964 105
211 860
909 536
394 72
785 522
328 438
398 185
744 604
455 440
991 26
387 383
562 435
853 101
432 340
413 814
922 795
343 614
702 627
326 431
881 164
718 203
59 151
352 17
372 387
669 691
802 363
640 370
346 863
319 269
458 437
224 69
665 929
425 324
432 603
263 445
102 751
819 574
465 114
71 853
536 509
203 75
518 189
883 799
974 275
209 235
209 702
211 251
121 999
822 937
37 490
218 832
882 671
556 330
5 151
298 931
354 68
724 59
318 422
673 610
487 272
964 39
121 995
725 807
783 279
290 735
648 901
916 948
276 97
678 237
5 56
133 462
544 107
545 83
859 662
214 445
929 551
70 923
694 700
897 800
952 800
573 589
775 142
337 467
320 437
484 83
873 591
766 995
748 26
337 552
219 390
520 42
275 408
740 949
118 445
377 523
499 524
317 899
852 561
447 190
325 531
397 352
808 964
822 499
3 140
80 95
917 306
172 903
853 119
654 120
619 974
845 309
252 437
571 810
401 419
964 931
862 304
259 541
797 463
387 39
82 254
483 548
887 903
796 245
853 531
729 541
930 422
913 678
435 307
71 756
147 292
956 983
848 552
61 778
777 41
870 693
47 159
338 39
704 105
779 305
513 457
934 316
787 732
58 941
475 777
131 526
704 348
283 161
102 616
984 391
676 325
848 95
860 87
412 80
474 195
677 308
93 762
349 726
705 581
812 868
338 691
337 697
727 890
430 291
395 274
872 15
455 233
992 438
996 296
699 810
64 175
210 962
113 485
915 772
13 527
543 284
343 41
474 424
662 713
682 206
439 392
224 671
387 624
655 447
896 226
116 431
412 83
35 952
415 166
860 484
113 252
186 154
556 570
578 30
567 541
856 321
377 250
919 974
144 608
674 994
805 160
413 937
681 466
217 270
991 126
922 531
518 513
8 207
947 508
673 184
52 340
910 703
635 702
626 559
75 137
16 888
442 764
153 583
500 103
375 15
162 783
676 34
491 89
842 707
55 39
147 629
522 197
652 929
465 265
389 720
600 508
692 98
35 929
769 292
347 208
347 647
805 360
766 839
681 661
675 1
932 352
469 152
752 268
897 981
845 951
293 74
344 535
991 562
628 634
405 246
889 247
190 706
249 262
802 874
875 608
492 349
399 797
183 527
701 206
3 711
560 627
299 172
796 595
249 247
564 269
433 773
275 912
863 206
665 902
758 48
10 850
465 213
451 764
549 123
896 9
491 239
184 320
882 811
959 204
294 824
632 393
475 559
10 382
856 167
285 19
32 569
303 480
307 58
570 278
588 921
555 157
835 394
813 892
977 195
396 594
209 345
598 198
28 685
964 479
768 812
52 177
822 96
53 152
55 132
38 265
538 169
276 953
64 637
688 68
173 622
652 90
981 892
393 227
620 409
676 411
16 252
273 853
842 757
57 411
57 846
645 53
79 836
875 589
743 104
138 521
280 956
958 955
343 165
788 729
878 912
49 714
42 336
386 437
957 287
575 976
997 708
905 700
84 830
835 616
371 320
527 541
415 920
630 965
401 940
956 684
974 55
117 664
960 156
684 165
32 309
326 508
454 193
293 871
596 199
847 554
172 388
84 198
670 709
432 825
397 724
551 1000
343 310
863 938
458 450
427 958
538 24
60 191
388 41
559 642
724 760
448 127
765 468
361 419
624 34
751 33
823 756
147 143
421 175
496 693
149 485
460 395
460 848
870 987
245 593
31 178
139 76
584 282
548 701
761 923
949 973
635 829
735 647
994 937
725 333
766 747
656 790
143 661
971 788
164 278
865 956
322 392
293 246
224 158
151 248
82 212
687 922
523 909
25 915
915 507
685 175
566 119
626 105
842 298
146 842
916 98
102 50
495 661
349 572
86 793
962 480
467 962
115 776
283 900
303 231
214 349
276 338
694 939
50 154
473 136
271 325
865 321
612 352
724 12
448 346
883 678
57 589
195 951
677 812
806 344
71 24
238 198
611 511
378 830
560 213
262 141
544 36
767 312
985 291
547 490
588 789
310 153
580 27
992 852
611 824
651 127
711 839
430 877
786 996
343 660
163 528
766 570
355 585
704 286
940 151
762 678
488 439
258 603
543 897
173 454
933 454
489 782
326 136
56 423
638 903
648 235
919 125
112 507
318 605
887 553
891 999
984 812
31 877
47 44
930 561
660 424
875 180
290 603
826 349
886 757
23 424
26 111
686 817
510 706
709 490
740 99
619 523
628 154
532 159
443 101
954 412
805 592
767 911
575 534
889 174
228 374
67 550
344 331
141 511
215 600
173 52
551 34
205 833
22 793
247 45
830 111
943 340
293 418
985 531
107 99
628 519
862 554
132 438
722 466
904 689
248 331
236 327
350 285
985 119
876 309
90 88
643 409
474 187
992 858
495 633
904 438
276 963
298 601
932 423
564 779
798 680
984 185
159 372
222 388
415 88
494 297
574 370
134 69
997 995
282 271
672 470
878 167
639 659
661 188
276 158
518 885
830 22
500 266
708 300
871 208
968 54
570 333
328 499
453 770
705 176
865 340
847 300
460 884
836 136
982 300
896 827
426 485
413 94
97 874
340 291
386 214
23 730
635 837
891 319
835 730
412 204
585 198
655 367
678 132
829 40
655 107
501 850
155 658
504 143
987 810
656 119
749 198
487 371
824 99
458 132
615 946
420 227
539 520
738 984
396 708
82 75
118 960
904 174
