1000 9891
177 616
307 521
34 979
181 96
526 620
854 329
876 148
593 433
575 225
797 39
346 33
69 912
720 60
877 906
735 380
721 422
248 828
493 169
598 159
583 969
772 40
792 742
957 244
709 627
268 383
14 367
606 261
713 55
39 1000
65 341
31 870
529 422
292 452
594 708
701 96
132 366
923 170
467 86
529 55
879 805
644 768
261 932
500 202
782 658
913 801
823 290
718 524
165 692
867 550
54 716
266 989
226 570
432 301
895 412
295 602
337 480
101 391
157 661
909 902
125 257
714 302
571 171
935 906
180 114
774 524
810 989
249 605
486 338
569 958
626 697
664 998
538 963
375 590
430 629
244 343
764 926
760 318
819 839
414 169
72 448
113 564
955 391
647 69
970 924
445 749
322 984
394 189
68 788
949 173
716 616
124 461
993 697
354 681
122 701
850 285
214 133
621 186
518 77
460 61
171 178
209 379
693 217
107 297
703 384
631 381
152 741
831 111
869 312
649 27
307 771
623 265
825 194
954 550
204 137
80 135
319 680
527 471
472 241
806 170
536 954
866 385
995 255
415 958
971 70
809 871
296 334
460 449
248 711
28 157
109 806
184 387
312 696
796 154
28 268
782 989
145 488
33 619
240 938
147 614
921 639
44 762
779 873
378 808
242 582
112 244
865 298
187 258
136 580
546 967
283 279
70 189
399 921
780 484
749 521
733 388
715 697
58 652
979 124
250 576
349 268
352 16
760 141
852 357
432 88
266 211
508 258
733 215
510 368
239 146
849 314
462 503
266 162
909 652
90 942
592 612
989 510
836 254
210 263
323 60
606 575
486 839
521 569
559 813
604 842
290 286
664 15
6 450
445 610
618 698
656 915
843 531
57 106
555 167
369 392
591 749
425 398
32 312
320 130
596 808
759 268
743 907
98 181
674 858
948 109
476 894
169 770
441 741
635 243
48 897
623 402
844 413
847 782
4 84
333 992
89 68
590 531
680 545
551 358
644 132
389 317
852 999
501 255
196 771
692 136
105 978
344 237
397 20
917 813
4 138
135 672
563 157
601 82
841 451
718 827
795 62
524 720
305 782
144 140
198 83
550 260
2 230
3 67
95 489
357 754
508 866
895 118
680 125
681 452
644 728
837 666
426 957
151 312
512 854
16 101
688 998
111 564
382 979
174 250
819 707
694 509
839 764
251 660
145 528
224 119
171 528
353 853
28 843
824 838
241 724
383 529
719 971
331 954
979 886
393 639
653 457
474 370
771 514
354 924
948 549
413 789
585 380
862 848
95 401
716 545
985 516
238 485
129 887
190 328
727 163
731 36
125 781
851 767
247 762
759 531
788 148
976 92
982 198
531 874
380 103
811 128
254 306
739 383
342 208
146 455
735 283
666 830
282 519
156 108
998 815
34 624
588 47
492 212
441 989
756 853
853 189
247 834
212 229
714 917
952 866
833 33
65 479
69 511
4 366
778 885
88 23
507 735
473 547
224 471
62 527
619 830
857 837
767 462
434 910
897 558
224 315
576 235
151 495
279 282
942 462
671 756
347 885
109 673
183 958
865 195
886 379
746 710
84 801
983 663
677 669
491 993
366 655
936 882
642 60
348 29
45 91
67 703
52 139
551 721
745 170
983 696
275 667
292 603
958 700
105 18
106 381
161 351
966 911
533 24
35 152
349 903
477 312
744 503
872 716
487 676
449 525
727 214
450 382
858 355
488 554
729 620
62 100
959 419
35 981
964 267
927 897
395 778
879 120
901 358
423 230
329 849
327 330
522 880
347 392
117 786
973 870
523 397
467 831
195 748
217 932
234 778
404 872
646 341
117 899
1000 477
26 688
749 190
772 267
994 679
425 224
212 728
855 950
622 935
60 404
703 354
374 60
191 606
507 925
611 3
522 560
853 450
856 474
869 717
450 631
680 648
678 183
844 651
607 911
635 374
66 519
305 709
969 686
930 956
381 104
862 35
4 465
637 865
874 597
768 752
196 633
187 879
326 236
311 344
115 587
222 813
269 836
171 954
964 828
213 679
966 303
1 287
679 910
595 435
478 725
137 847
304 232
927 400
713 28
783 924
399 715
951 14
440 518
23 539
232 602
106 447
501 302
773 978
388 751
633 454
708 400
928 96
141 765
220 346
99 149
828 537
298 764
337 18
928 667
357 95
841 642
56 966
647 68
480 614
744 467
707 233
689 342
720 364
793 464
423 53
320 890
906 209
122 698
125 821
323 780
560 340
669 174
958 694
566 350
381 540
167 129
816 701
543 570
782 358
643 700
695 751
809 580
238 878
111 484
385 864
27 387
134 613
621 471
894 853
511 691
367 703
597 286
564 73
621 104
94 248
333 844
299 580
252 636
18 996
188 468
621 138
165 996
313 849
135 716
407 939
66 619
70 35
18 646
992 549
314 529
478 260
529 18
215 13
509 498
370 856
41 840
243 153
269 872
849 654
732 861
201 131
528 116
927 116
533 387
54 992
166 978
34 900
399 604
633 482
64 931
817 219
176 45
927 170
196 160
90 943
253 49
717 322
629 918
498 440
650 269
104 799
472 739
489 331
882 274
59 745
155 790
918 760
428 482
748 171
413 82
548 563
676 584
21 669
833 623
906 245
946 902
357 341
379 229
952 267
522 276
419 846
260 330
397 591
146 337
565 893
460 861
114 477
759 271
778 32
946 744
676 336
218 335
88 879
600 938
678 386
333 927
887 24
801 309
622 863
97 231
815 220
985 129
624 847
98 280
705 2
638 715
720 223
507 562
799 426
467 160
930 996
984 297
4 425
984 357
801 881
589 902
828 461
257 979
847 498
540 410
140 40
433 50
887 866
563 856
395 250
192 406
475 264
693 698
128 846
36 335
202 595
336 130
760 25
443 327
447 311
283 830
414 512
849 293
791 269
813 130
101 176
562 649
711 955
34 235
417 209
882 423
920 248
43 379
461 40
945 667
197 766
237 961
24 92
8 609
190 329
872 352
216 708
33 402
586 750
707 78
747 817
384 723
170 172
99 286
526 513
138 974
506 260
472 908
68 377
790 906
259 622
354 432
562 877
178 610
877 932
380 412
734 567
669 952
953 725
212 709
564 146
677 413
87 229
665 785
709 780
526 210
359 647
622 979
894 253
44 925
545 230
578 229
874 860
48 954
820 346
344 19
346 726
145 38
268 587
681 244
916 885
313 792
278 282
251 225
286 881
13 231
477 608
804 255
153 988
856 29
649 125
733 297
349 32
865 641
450 863
466 508
213 529
895 21
697 860
383 321
314 111
266 801
615 922
374 774
736 337
790 114
447 629
563 692
984 671
642 61
187 152
604 463
291 334
771 976
578 814
776 826
840 205
324 422
290 242
512 265
405 803
817 227
929 425
858 497
429 329
290 101
954 972
708 83
825 857
293 915
728 337
186 293
849 35
211 842
199 969
280 34
751 76
848 485
813 136
579 87
377 979
86 933
488 468
713 669
950 722
54 391
760 608
696 968
315 686
200 695
772 890
527 208
85 228
622 53
22 767
260 32
445 252
14 533
542 720
608 54
515 554
91 684
862 193
203 54
518 675
118 135
100 950
123 383
696 149
459 785
207 471
330 14
558 622
444 26
28 345
654 189
571 737
776 267
960 56
943 161
726 531
362 270
183 876
761 188
780 450
432 336
681 259
210 989
637 578
158 581
110 706
937 891
165 515
794 85
462 255
180 820
953 748
914 794
989 246
284 794
727 550
193 971
875 755
624 967
295 442
268 498
912 553
820 747
938 455
243 234
206 994
361 155
537 184
209 95
184 737
157 215
33 489
822 171
989 698
721 964
392 344
11 446
86 854
180 287
787 305
551 824
485 340
592 823
761 992
632 472
691 909
342 63
47 652
704 980
318 52
433 798
124 227
161 367
555 91
406 587
557 649
762 621
954 813
808 653
895 82
331 8
242 421
14 47
967 127
435 22
532 424
717 596
22 522
558 680
541 294
544 502
553 360
661 893
297 170
260 826
743 549
778 955
216 22
989 706
773 740
957 391
889 305
726 716
838 394
362 467
752 87
255 108
19 674
947 318
553 155
426 967
580 740
266 620
88 494
27 705
648 991
917 715
116 988
222 921
541 795
658 601
244 96
524 114
927 119
328 27
757 302
480 438
871 794
909 180
436 545
387 787
9 46
604 38
806 814
20 919
594 12
461 3
774 155
745 25
48 327
140 621
59 601
722 507
656 917
252 110
270 373
4 673
784 83
170 201
483 963
885 974
906 325
411 673
263 576
983 337
184 101
351 411
571 381
627 680
242 374
482 457
778 746
484 655
568 186
200 862
75 90
114 700
316 832
991 968
448 328
384 871
14 11
236 239
458 177
117 668
182 808
109 776
148 1000
899 848
781 364
123 660
386 980
903 665
705 178
869 879
249 110
502 328
967 278
550 314
936 109
978 749
782 729
288 685
697 839
205 956
226 505
598 641
490 34
93 71
524 903
796 700
429 69
110 889
180 893
362 120
626 278
572 923
422 790
187 127
633 163
559 655
429 470
529 936
537 421
59 953
477 458
447 319
249 539
764 339
989 431
845 957
512 660
31 324
159 275
732 503
243 162
45 424
67 112
696 608
722 332
764 823
567 340
110 161
574 720
721 12
778 588
176 391
358 915
643 985
237 226
589 13
833 507
794 867
869 493
178 656
512 208
930 355
523 496
212 599
263 821
783 2
548 901
473 101
91 978
771 301
407 302
29 280
493 633
89 53
492 214
223 138
313 573
632 861
687 855
85 33
40 894
844 186
305 590
605 731
473 944
611 118
27 25
959 688
930 776
127 152
473 545
644 920
974 643
837 698
575 608
979 363
763 384
179 883
168 224
928 731
671 758
84 956
748 491
584 45
813 289
504 39
395 136
165 622
987 579
605 48
92 101
516 196
314 923
29 628
220 449
677 97
43 440
81 781
816 248
897 25
718 243
441 133
590 168
543 12
945 821
987 158
751 361
24 10
722 161
820 566
91 114
954 956
828 853
688 224
489 659
329 966
780 366
331 576
43 4
81 457
372 760
631 34
593 438
615 752
873 966
413 315
397 662
717 845
846 531
264 85
462 792
61 111
360 958
469 4
694 583
455 49
521 51
834 90
653 566
360 973
531 102
91 687
458 358
579 914
139 769
431 41
126 691
826 793
26 405
902 658
763 334
726 822
929 528
821 610
330 15
581 662
477 940
396 150
199 739
476 356
974 671
866 60
942 377
66 692
719 329
174 86
804 457
705 388
712 616
857 577
978 471
656 95
90 695
953 755
111 735
794 453
907 174
606 614
93 849
422 937
957 776
372 280
135 76
764 554
447 334
309 361
772 887
310 210
719 818
617 984
465 91
48 461
529 658
256 26
185 164
438 310
298 653
634 841
859 36
807 316
431 273
704 823
1000 142
543 262
869 359
398 339
290 360
552 875
419 852
405 649
320 747
468 531
885 922
891 213
405 231
471 521
165 430
816 526
467 586
748 585
414 763
955 949
925 277
639 689
765 982
626 316
478 89
260 148
668 57
541 293
890 377
49 943
502 67
908 389
216 104
507 955
182 845
504 582
737 538
795 166
870 734
518 810
36 770
628 932
536 714
576 823
818 972
620 448
947 144
205 774
518 825
212 178
520 315
201 935
109 726
718 764
166 615
940 590
813 728
170 874
889 18
62 852
581 332
174 114
433 20
519 522
651 402
76 795
222 553
546 413
853 905
92 45
935 939
59 924
41 761
814 796
928 987
568 39
474 669
907 91
711 977
840 6
626 293
742 416
547 115
310 26
940 33
209 41
747 553
626 954
916 74
954 901
993 617
948 201
315 581
742 876
870 305
910 616
915 786
842 862
38 615
976 228
189 521
336 67
373 772
11 477
454 759
647 328
488 301
909 296
75 383
366 338
690 220
445 833
240 269
937 505
433 650
397 303
255 719
203 755
810 24
973 636
904 93
152 994
192 901
255 348
735 198
792 690
978 825
391 881
801 420
161 965
662 615
644 22
106 349
670 710
861 925
473 964
58 986
75 776
723 996
961 815
50 70
235 78
472 268
438 993
495 752
41 793
500 346
835 931
54 561
316 372
317 557
637 89
76 936
511 459
82 217
552 457
419 242
719 39
141 545
605 92
326 615
421 817
715 789
662 380
98 881
103 480
305 425
717 356
684 115
65 709
506 945
536 111
440 287
684 2
280 200
61 302
518 121
756 668
704 895
357 375
858 172
307 606
345 279
146 288
608 411
155 530
655 161
91 932
755 461
901 33
939 242
407 440
105 512
14 202
29 279
556 520
43 743
835 579
966 84
52 863
808 469
517 499
169 29
430 340
378 909
865 629
944 868
180 428
844 753
723 896
799 575
983 724
749 684
110 970
37 368
420 72
541 672
283 720
31 854
378 734
54 541
951 257
662 988
850 404
207 49
465 690
504 40
638 463
503 938
987 725
879 995
400 803
275 849
183 40
282 267
725 712
987 578
509 154
22 42
376 209
853 833
881 295
604 457
141 581
770 407
989 257
885 464
542 915
49 238
654 829
680 408
738 754
333 174
499 186
335 544
430 716
181 330
239 68
15 879
708 93
656 560
287 594
180 56
194 86
780 721
733 687
757 531
783 631
103 891
252 407
271 31
509 544
664 505
325 374
356 341
394 630
759 497
961 314
890 384
344 292
597 543
717 989
207 691
852 580
507 801
365 323
354 180
464 540
448 433
1000 766
639 621
892 166
420 831
95 255
558 765
763 321
184 602
169 394
26 261
444 20
173 434
545 615
508 967
35 465
330 159
499 572
481 25
118 982
211 240
487 39
292 87
573 162
193 574
712 538
451 590
308 793
666 503
344 557
1 284
239 420
40 294
97 459
851 30
256 641
158 730
970 688
295 551
686 204
211 300
898 292
3 600
153 363
617 846
879 330
650 276
867 998
7 145
729 969
859 950
509 881
863 838
720 464
205 24
116 917
64 888
854 655
842 827
427 179
211 872
450 240
397 983
592 809
384 750
369 480
354 532
688 284
51 620
927 759
15 457
772 692
960 956
603 216
237 58
627 718
20 416
635 235
816 527
485 700
895 693
814 713
445 30
728 422
948 171
679 261
493 754
900 54
829 376
208 622
959 533
49 942
882 572
861 519
37 69
455 314
173 517
217 321
771 432
905 570
92 746
678 289
956 67
49 281
247 730
148 667
978 662
412 828
386 131
371 323
723 150
616 838
301 20
196 382
527 730
767 225
664 552
523 108
923 601
106 15
866 8
738 600
746 63
140 756
968 461
456 161
993 910
116 203
686 347
963 306
160 677
567 428
170 84
752 926
569 696
608 146
681 842
431 590
751 17
828 798
102 585
975 970
506 751
797 502
217 880
18 661
446 156
665 536
925 470
565 127
126 927
203 146
901 93
801 345
711 314
969 815
217 18
517 13
921 908
364 54
463 840
826 879
60 351
516 276
830 175
902 712
155 117
374 123
558 514
531 270
435 229
878 699
917 809
188 507
226 34
227 327
448 104
624 977
516 233
44 730
840 649
217 462
719 403
848 664
153 886
823 497
883 666
899 385
168 149
351 652
465 597
11 705
983 655
235 367
520 601
704 150
84 888
103 172
896 568
1 324
202 719
286 688
656 408
729 758
470 512
732 211
518 451
278 667
340 960
36 473
319 330
717 355
384 25
520 579
53 221
413 130
453 641
368 947
555 473
369 334
360 891
974 477
798 15
820 963
380 74
806 554
437 445
864 903
591 604
331 865
526 661
29 67
759 383
544 628
506 259
198 725
255 908
682 782
440 237
406 902
796 282
496 480
503 141
471 560
754 176
973 398
132 114
137 879
9 969
908 723
66 234
325 623
43 742
959 988
675 706
365 495
886 179
256 736
377 481
322 546
416 675
571 873
375 742
165 40
739 399
818 770
503 534
640 882
143 929
183 660
109 524
24 946
593 839
6 806
945 286
660 684
92 321
558 436
519 572
245 365
563 776
414 862
629 23
580 589
887 835
49 3
33 902
984 610
608 798
888 357
941 12
818 473
103 289
470 556
287 942
915 657
755 846
167 708
833 1000
461 999
298 608
230 172
771 610
149 186
850 985
867 973
158 40
841 746
883 35
167 810
778 157
274 699
381 274
129 855
95 516
849 32
206 679
778 108
372 587
798 107
30 497
989 708
665 694
498 161
381 221
264 889
802 489
587 581
829 512
725 735
872 591
229 928
57 613
986 237
94 486
359 265
868 201
411 792
284 10
731 339
982 642
12 848
62 147
634 991
734 673
91 673
347 731
188 349
726 965
175 65
605 652
416 848
554 218
408 800
140 431
74 744
247 901
856 77
767 281
696 502
992 541
535 391
740 967
102 488
49 764
35 417
168 222
22 169
469 664
608 732
736 385
53 985
629 122
97 89
171 958
452 896
102 202
486 117
178 314
131 752
885 145
29 269
819 575
206 199
867 779
254 243
680 486
846 407
629 781
432 159
567 75
788 276
113 606
703 667
45 349
232 380
675 186
220 709
641 203
977 454
318 334
599 971
837 594
968 799
822 174
646 120
613 903
119 358
51 766
39 180
218 85
482 662
247 346
259 909
371 625
247 716
640 464
398 448
240 404
366 436
540 697
501 789
562 505
52 67
159 809
211 157
310 655
96 775
753 497
594 415
320 395
122 779
453 995
946 546
687 137
695 905
809 874
938 910
412 377
581 540
70 773
515 664
916 953
975 866
153 639
446 520
283 662
342 617
805 79
735 898
238 686
442 615
188 71
687 111
709 739
321 674
729 221
412 543
676 508
244 990
101 883
391 499
550 364
215 809
666 345
261 899
961 611
35 298
309 919
861 202
19 901
82 243
300 830
675 282
936 846
554 645
97 470
685 173
499 422
281 31
615 44
525 260
159 26
948 957
879 651
276 294
996 597
408 150
67 379
361 90
380 722
769 227
789 224
385 250
8 875
671 12
471 597
414 127
186 390
615 355
208 748
55 744
190 337
746 353
195 509
358 539
622 436
253 303
290 283
493 256
76 296
773 478
703 925
206 671
635 571
825 919
341 956
952 271
829 983
721 182
371 589
981 652
647 731
725 663
925 469
583 729
14 236
240 271
576 681
939 281
333 522
355 46
30 634
677 485
630 399
223 111
917 374
230 825
865 766
296 303
683 941
423 750
268 685
852 851
744 572
174 835
840 827
382 934
205 855
102 554
190 553
566 900
880 187
59 510
510 276
832 62
102 432
952 864
861 189
553 244
438 918
993 493
405 343
576 418
140 955
558 97
804 225
698 876
609 415
22 290
66 280
98 924
444 752
96 165
519 415
160 706
140 616
626 589
458 939
43 383
225 624
65 731
686 321
599 770
124 354
552 519
688 199
929 853
699 147
100 90
997 212
239 202
12 784
54 447
461 765
924 977
816 746
673 87
379 114
807 36
638 99
83 886
340 802
564 239
657 571
566 437
255 540
754 173
113 51
574 896
519 483
448 312
428 774
303 234
643 521
473 160
222 510
848 825
815 271
658 54
951 863
398 837
442 829
977 756
890 191
675 777
583 112
651 379
494 861
904 857
445 295
172 171
17 224
455 658
168 84
957 460
886 82
870 631
690 201
892 743
654 201
754 704
351 594
380 966
944 233
837 912
319 243
926 967
780 583
417 693
770 115
275 851
899 269
408 304
559 319
466 26
968 296
955 34
131 548
432 101
875 779
242 644
722 122
997 820
17 804
875 664
508 327
950 106
73 742
685 919
707 867
525 558
959 345
659 629
253 358
717 407
793 511
926 189
893 182
238 117
699 997
521 453
656 588
835 229
638 762
738 57
509 574
608 603
229 943
285 365
432 655
270 163
806 305
902 996
445 135
69 811
530 303
581 413
186 869
998 972
11 461
631 42
729 38
950 786
937 209
901 321
316 250
317 175
606 992
450 624
198 242
572 176
260 977
559 159
134 304
411 327
969 337
936 422
921 534
908 820
672 735
124 768
130 198
88 278
642 507
391 172
460 105
984 720
474 610
349 290
177 822
283 988
124 998
196 427
71 853
220 49
968 519
77 408
903 166
564 990
709 211
513 360
693 975
201 452
506 283
998 243
945 965
413 807
180 598
698 151
720 579
332 953
224 786
82 336
762 547
627 148
948 806
994 768
800 832
668 705
21 936
483 285
447 190
460 59
527 319
15 459
806 450
809 574
829 547
778 355
754 98
394 730
260 113
389 787
726 4
764 463
857 347
251 228
89 193
90 298
476 775
459 979
201 559
928 58
783 244
914 5
950 847
478 92
557 935
482 3
299 955
179 97
230 636
305 651
658 145
715 448
164 346
406 395
670 888
752 75
753 742
148 822
70 463
867 362
923 140
487 69
926 701
149 716
76 648
153 777
64 508
782 624
736 430
495 959
193 649
72 806
823 141
499 425
714 579
675 490
509 64
515 373
609 114
810 955
214 767
883 252
811 619
872 540
147 419
756 485
295 299
741 375
409 668
998 366
862 777
811 777
959 401
998 505
381 473
622 790
186 729
243 488
924 607
796 322
364 620
110 120
807 178
171 148
798 819
821 114
346 914
4 828
24 487
264 897
584 714
969 860
674 324
532 362
56 35
795 968
735 423
673 404
748 936
820 45
786 141
289 419
767 939
632 975
852 638
389 920
484 538
378 5
674 681
824 122
576 999
424 116
406 292
785 109
587 217
258 231
294 745
667 65
178 14
567 552
179 795
87 930
678 323
992 966
957 280
61 323
692 603
509 401
145 744
59 366
671 687
818 209
585 810
583 467
20 627
556 90
790 107
149 849
810 893
500 123
317 667
430 874
490 177
314 899
176 992
504 493
153 432
998 40
690 912
729 869
326 757
76 536
21 105
44 62
910 809
407 985
768 770
608 193
183 389
43 382
741 363
449 750
984 456
82 683
953 228
871 307
849 75
617 183
946 935
263 531
546 109
252 398
113 976
635 544
485 528
327 493
856 819
481 965
388 119
942 826
320 581
716 483
437 718
8 418
563 432
798 713
814 423
655 64
805 339
34 799
734 820
83 599
265 678
964 864
145 136
84 363
483 377
587 116
326 472
536 662
387 100
406 448
322 595
966 136
681 8
313 908
27 906
801 679
608 579
773 585
923 372
887 575
999 161
841 195
970 953
753 575
936 233
370 669
903 415
705 444
563 778
852 438
648 969
76 975
774 648
496 959
304 324
830 465
415 214
914 819
150 257
776 848
563 552
512 598
954 247
835 139
695 172
719 858
997 900
963 268
304 994
566 511
915 625
438 302
138 58
315 68
640 168
492 739
110 214
493 310
594 355
298 804
25 612
688 228
284 759
87 226
308 253
219 298
384 773
938 340
48 979
102 549
584 292
859 250
789 731
406 817
982 228
530 413
713 785
643 838
385 798
852 720
246 291
212 631
432 445
833 295
388 506
227 82
464 718
770 718
200 922
772 384
26 622
27 219
892 439
863 86
830 869
231 488
382 620
202 254
791 906
259 13
946 241
359 388
316 941
201 830
663 204
481 30
905 620
799 540
842 49
889 122
173 337
250 452
733 441
456 347
292 161
813 257
279 421
780 78
563 870
947 455
228 694
923 638
850 82
637 718
818 360
569 854
586 796
14 861
73 423
521 987
663 368
797 958
300 122
230 255
343 308
56 750
851 403
625 963
590 879
295 433
741 705
813 180
881 966
614 32
816 119
582 514
826 48
755 74
992 296
246 835
265 714
30 64
307 765
253 265
533 439
303 6
332 152
606 508
628 98
820 901
342 449
65 511
436 910
937 743
271 784
591 534
468 543
512 237
735 443
223 343
26 817
281 776
122 934
820 219
323 389
829 659
494 663
78 665
229 595
602 31
730 496
611 327
422 218
152 906
209 687
446 300
658 491
85 724
153 716
212 361
527 242
511 927
956 888
151 222
227 300
389 581
726 854
840 769
434 110
696 293
625 321
516 240
222 209
204 515
209 986
87 921
382 795
115 700
353 247
410 118
303 737
288 457
552 179
629 427
645 694
50 128
982 793
309 917
606 917
475 437
572 29
666 470
225 174
979 5
727 739
233 363
965 58
89 975
589 766
461 843
872 846
101 420
266 843
675 493
452 18
441 487
813 7
138 257
459 509
876 681
146 884
457 589
600 539
526 446
432 189
513 228
5 591
183 416
846 96
632 172
724 425
245 871
452 327
552 557
977 32
261 359
134 255
673 879
394 344
548 569
998 585
251 820
949 59
113 811
557 454
299 474
327 264
692 628
934 964
798 835
32 430
469 87
677 530
164 699
493 945
95 909
119 27
658 321
34 615
327 46
784 952
458 299
261 208
498 600
798 637
912 572
515 617
90 121
130 537
972 304
152 789
391 589
342 536
550 93
474 216
478 200
575 762
640 873
734 409
644 929
740 522
245 116
196 552
123 536
566 922
573 118
166 564
984 363
754 813
66 510
176 643
448 952
486 928
771 220
918 29
297 581
690 404
400 842
183 113
497 714
324 57
788 744
183 230
222 664
132 191
909 600
915 743
497 564
958 651
873 401
267 792
34 229
8 315
437 152
811 999
918 601
831 488
655 542
487 786
401 703
663 783
78 277
246 907
492 382
508 114
716 687
517 938
720 298
196 362
781 997
358 916
180 476
273 534
898 815
777 134
704 994
947 626
694 717
555 9
768 592
264 79
273 816
899 516
848 172
952 250
385 979
321 989
943 419
701 420
791 752
824 7
674 714
517 256
520 60
350 467
13 225
876 15
514 518
334 615
151 119
227 757
672 326
272 52
488 909
455 541
60 51
962 887
374 663
106 785
988 407
201 99
130 33
849 703
98 749
743 223
193 711
330 424
595 412
392 919
489 201
508 611
823 244
206 238
564 964
175 689
716 783
20 886
12 498
471 79
435 973
185 802
150 608
617 999
143 693
501 937
375 896
30 101
287 606
312 266
648 73
996 220
155 980
318 288
711 699
604 777
879 129
937 650
165 72
320 644
341 882
25 830
390 771
381 625
733 732
498 815
959 142
925 490
998 736
609 839
649 504
82 833
781 747
566 407
61 853
834 87
85 95
146 181
496 50
761 522
240 113
105 931
527 153
182 890
493 667
739 95
283 485
752 210
643 261
274 672
577 25
596 291
114 462
890 64
622 635
917 991
331 430
481 29
339 939
212 155
970 75
53 949
712 117
919 660
628 204
399 818
419 80
257 797
287 625
25 489
425 583
154 143
953 645
326 897
974 813
331 797
723 111
637 717
292 896
314 952
908 378
267 66
361 99
489 54
57 459
724 402
29 708
953 464
332 955
922 477
980 715
470 809
732 436
354 718
7 802
989 653
30 65
87 16
418 319
38 636
313 83
564 540
397 979
424 975
100 436
392 301
356 230
432 734
572 372
844 147
493 59
773 153
684 154
29 185
129 707
649 20
134 604
122 790
125 641
18 61
492 132
735 344
976 313
597 295
928 60
496 94
114 741
935 76
964 953
731 606
861 515
199 924
516 98
511 926
259 475
23 402
27 87
959 614
303 898
855 689
166 446
776 350
979 441
97 152
792 1000
408 733
61 317
162 980
770 791
257 968
975 210
300 938
410 230
322 954
549 169
988 351
349 447
239 599
757 34
408 507
430 844
694 489
589 765
37 534
912 36
101 419
597 649
276 289
921 44
885 483
546 387
346 429
76 758
621 349
858 49
985 786
250 925
289 795
931 340
902 471
120 385
564 313
802 219
510 602
243 381
64 856
165 541
352 124
823 529
672 869
773 364
517 141
372 829
160 869
75 370
333 694
100 135
468 675
431 281
734 578
279 167
293 280
791 521
160 25
498 966
470 716
947 823
242 522
517 9
320 281
799 185
51 155
347 772
518 621
557 905
965 584
216 73
217 304
416 936
829 9
188 503
154 259
287 493
738 69
153 969
31 1000
107 126
288 564
71 475
476 297
938 530
832 49
979 194
49 313
284 186
476 757
979 179
895 463
831 855
414 301
605 38
805 932
475 257
901 805
115 806
866 690
667 911
262 246
618 179
672 999
175 668
72 211
14 794
348 160
276 453
205 258
53 478
858 629
894 111
72 34
44 56
707 904
962 671
358 728
676 693
368 856
936 730
149 275
959 294
584 44
621 890
805 644
661 168
440 292
923 866
966 837
254 635
850 674
194 158
195 363
250 44
470 51
621 235
337 654
949 399
18 355
147 125
848 30
313 719
597 509
544 743
321 881
748 639
330 579
324 819
964 909
706 270
319 744
273 645
882 836
333 956
515 745
834 227
943 455
209 673
342 970
952 874
459 874
193 154
844 656
655 352
179 91
986 558
653 895
197 323
549 958
52 634
314 609
252 143
28 483
657 21
549 15
878 949
311 332
409 252
83 405
152 80
490 497
227 978
228 219
676 21
921 202
228 668
1000 926
430 900
513 400
272 354
38 555
758 552
172 459
154 842
286 327
15 911
162 337
185 944
278 699
183 378
521 671
228 833
336 482
155 806
851 581
980 892
233 894
629 760
158 208
760 649
464 70
462 721
582 710
803 669
223 431
878 195
483 371
636 411
216 598
358 945
180 433
753 337
346 985
920 872
170 139
831 114
526 996
838 842
964 529
91 903
632 673
264 91
686 962
708 542
216 372
588 244
165 261
916 579
518 267
540 887
208 744
341 452
236 158
853 933
649 217
1000 739
576 946
408 804
406 371
762 933
528 565
156 878
286 965
394 951
731 994
53 658
956 965
175 163
325 242
531 443
678 318
883 824
663 206
938 603
558 992
107 70
991 722
923 338
62 674
582 53
909 219
624 251
988 531
628 659
368 498
87 285
343 720
585 726
540 676
954 294
572 857
620 823
405 110
64 544
28 907
48 116
346 377
521 699
405 832
82 335
548 432
287 684
347 81
489 956
564 622
289 88
841 539
906 217
176 502
640 37
489 625
54 459
238 20
973 159
189 592
753 242
750 34
878 471
789 622
170 510
373 979
877 101
860 853
240 288
21 837
504 715
967 116
473 208
958 329
192 888
100 593
571 804
956 17
406 287
651 306
264 292
801 515
646 573
199 812
184 635
776 351
689 738
999 773
393 364
714 183
587 143
36 927
754 692
710 203
468 290
70 170
623 938
737 879
79 904
407 641
301 510
230 300
983 742
770 135
847 407
760 295
63 644
27 658
949 612
196 379
676 45
698 997
664 557
311 90
629 203
885 369
776 667
379 704
909 929
769 828
295 454
778 537
914 904
295 343
333 224
724 535
394 100
12 443
585 335
489 418
2 609
298 728
870 344
138 97
768 936
542 142
789 831
246 988
543 736
46 840
983 505
418 435
475 654
976 105
9 246
103 958
276 580
227 142
636 50
131 436
703 204
636 161
375 399
359 522
472 214
215 550
716 73
455 503
120 333
995 2
627 975
118 198
503 408
269 192
308 666
93 412
19 489
882 515
226 63
390 860
264 448
737 433
89 365
538 426
331 408
667 66
61 239
377 433
648 309
813 677
830 541
691 249
896 799
571 415
457 211
762 302
68 499
1 302
935 871
831 854
542 671
597 592
598 779
361 280
90 710
749 885
399 666
770 26
846 305
166 871
850 204
542 558
266 877
230 42
140 774
548 155
822 302
514 23
73 381
202 603
441 257
980 558
949 601
497 554
349 521
447 116
552 636
995 876
388 574
229 68
964 137
547 931
650 440
967 619
842 892
258 797
946 930
393 34
731 12
788 157
461 403
319 821
656 775
83 890
299 329
670 360
716 30
152 597
192 642
820 12
311 651
203 2
902 542
764 353
881 187
560 767
302 293
395 709
715 60
291 735
348 788
355 445
663 165
888 583
810 570
794 167
596 239
211 75
250 431
13 449
54 535
878 317
345 333
754 847
870 853
136 916
876 446
364 312
222 600
996 779
541 988
249 734
180 856
509 148
861 447
24 708
740 680
375 479
334 33
854 808
671 930
180 975
382 493
576 741
862 539
996 617
443 379
134 463
987 358
346 354
54 83
715 823
366 865
662 274
741 315
210 309
871 595
613 369
211 997
267 919
803 297
282 297
788 83
590 163
95 515
258 846
6 496
872 324
266 325
692 458
898 670
761 972
337 856
308 111
474 147
536 138
664 511
933 992
322 95
405 2
878 56
501 451
990 673
661 655
385 908
374 154
621 123
235 704
198 468
432 416
754 348
529 982
179 323
655 470
517 465
369 338
657 214
930 834
992 675
735 350
593 900
446 992
363 66
723 930
210 691
835 976
249 590
583 374
989 398
568 693
734 230
438 931
311 339
370 813
979 253
27 792
174 89
233 483
749 539
71 563
735 728
172 876
207 19
339 139
124 883
609 249
993 154
261 844
686 103
282 361
383 575
34 470
917 401
245 622
928 950
304 112
894 703
21 61
208 476
797 556
154 990
447 375
195 230
802 834
646 851
738 656
888 253
68 911
709 139
660 203
642 938
755 79
480 639
119 460
11 345
694 241
566 53
409 737
661 239
555 292
375 602
756 675
168 972
741 49
640 38
772 547
848 441
79 472
544 578
502 670
313 307
200 186
691 432
857 302
848 231
42 34
904 217
338 909
389 799
156 62
216 337
826 738
999 924
526 227
674 558
969 902
610 912
293 68
117 640
285 736
895 913
843 58
757 976
300 759
407 77
943 111
675 965
394 936
142 266
225 636
37 208
467 143
41 78
297 332
740 992
67 802
925 850
913 874
399 995
187 397
978 656
64 496
563 982
693 907
505 290
729 627
876 390
129 421
576 458
82 127
790 407
313 281
489 135
97 844
757 310
349 979
979 868
333 494
841 843
400 527
607 788
834 693
106 299
932 741
127 503
847 649
195 83
893 24
153 949
860 327
855 105
681 844
349 966
850 813
397 868
803 737
114 240
114 856
836 383
566 128
859 182
492 437
163 751
475 641
403 92
546 601
890 736
377 915
267 701
821 126
932 137
977 848
726 181
692 461
51 511
35 962
17 691
270 159
166 28
385 859
260 81
906 431
931 649
694 518
860 826
283 129
53 567
819 306
313 666
582 882
502 166
966 71
809 986
331 266
631 927
409 452
572 367
154 432
581 503
356 830
729 316
363 10
74 75
607 295
265 45
226 532
875 119
947 354
287 269
698 676
133 800
550 540
844 825
794 98
618 827
927 450
196 344
879 581
534 96
984 738
238 146
475 176
483 669
29 537
214 543
604 403
452 128
400 619
978 184
85 802
440 695
573 793
563 835
964 138
507 353
604 177
881 540
402 655
276 148
266 430
674 35
68 854
821 432
507 255
588 413
328 763
907 593
354 615
194 156
472 998
234 653
551 248
536 175
486 43
613 911
256 599
427 270
507 60
125 735
942 830
380 405
130 982
132 120
151 972
749 180
48 935
434 320
191 393
298 275
669 800
411 80
998 948
715 174
751 612
5 680
835 739
771 952
853 52
946 374
19 516
939 695
173 583
156 699
123 584
107 207
491 44
98 988
349 134
991 363
460 737
743 506
871 257
801 699
484 58
740 161
117 11
212 241
876 296
605 358
201 314
843 433
58 731
295 730
650 807
120 912
301 453
528 407
822 745
148 456
24 598
900 991
818 320
582 233
713 110
514 73
663 360
386 500
229 308
619 372
257 65
164 618
234 301
842 556
214 528
721 821
541 345
138 87
945 813
716 1000
733 902
57 349
220 767
9 450
164 439
886 859
860 271
958 900
904 448
194 224
412 175
380 219
702 280
427 362
114 591
445 130
63 343
854 38
89 232
654 54
146 33
38 19
424 643
795 948
905 212
431 251
356 434
621 122
415 518
880 316
612 533
369 825
151 833
522 599
127 264
804 573
622 796
843 17
628 867
66 695
848 937
985 192
363 180
293 129
847 750
481 417
463 241
153 563
801 726
605 424
786 258
148 799
151 404
308 55
340 467
692 616
676 341
73 248
382 882
808 101
130 401
336 870
524 865
582 43
133 706
88 283
697 607
555 957
148 637
331 641
6 631
776 530
75 799
337 943
782 422
785 484
325 789
93 903
274 867
436 808
945 30
712 767
359 384
281 182
210 244
428 67
60 70
48 118
266 181
256 99
171 368
101 255
15 643
676 719
146 558
721 930
979 534
91 191
401 644
612 348
462 563
865 318
103 775
217 748
125 971
271 971
534 967
994 154
535 799
868 4
123 71
482 998
458 416
941 865
907 977
749 152
548 965
679 173
777 445
541 140
598 71
651 852
553 710
521 506
541 317
834 297
595 351
445 505
191 757
344 212
53 756
516 252
274 643
97 812
648 396
553 838
923 18
636 579
268 485
821 767
273 313
524 694
639 253
404 570
678 427
432 373
534 206
2 59
59 182
866 826
37 494
615 981
887 912
33 983
231 972
733 10
183 105
165 558
847 6
763 799
267 18
340 580
89 892
519 288
599 534
448 749
340 939
896 369
595 183
306 854
96 270
295 294
559 833
29 854
637 417
640 229
197 512
474 391
350 754
703 778
87 49
712 693
471 342
50 772
243 495
281 718
636 366
266 282
679 896
548 692
53 114
879 186
994 912
726 234
996 102
472 954
623 193
458 629
864 464
325 489
781 735
378 300
431 282
363 560
541 255
264 21
85 163
791 671
855 899
640 720
569 238
421 161
890 306
319 582
933 198
666 963
614 917
709 943
691 428
994 71
814 426
999 986
106 519
416 525
52 983
224 454
689 524
463 169
174 948
308 954
95 466
528 285
913 853
588 593
319 426
993 813
331 760
874 290
231 99
162 614
783 824
842 196
719 190
41 547
975 32
745 535
301 113
572 940
750 979
658 709
419 331
572 771
225 424
580 374
135 667
211 749
436 526
219 182
805 643
903 122
384 16
725 881
285 464
661 181
43 130
336 392
355 692
603 458
877 743
949 234
18 444
606 532
132 436
12 782
695 523
259 971
575 241
354 471
523 410
640 414
570 979
186 984
118 407
302 734
971 221
520 371
759 410
860 170
892 313
434 321
30 208
878 380
352 986
355 193
84 257
375 258
415 635
716 254
754 393
757 998
261 789
668 789
37 6
574 375
886 37
142 451
201 773
205 885
847 698
467 70
932 132
970 83
455 537
477 97
136 519
49 786
527 581
235 179
509 432
308 781
441 26
61 467
500 53
346 211
184 898
41 543
297 677
942 183
763 854
840 281
15 795
89 779
794 502
334 39
374 804
801 736
138 453
836 252
89 694
183 375
598 27
797 759
300 433
341 683
712 49
58 143
189 871
741 394
245 859
907 488
671 339
285 436
837 615
397 858
767 762
54 371
780 381
333 392
299 120
764 876
251 771
273 290
842 926
726 272
655 796
698 722
915 840
506 302
590 498
263 784
554 419
869 746
446 309
491 151
624 675
350 145
692 164
482 917
677 264
833 26
616 406
200 515
640 934
532 764
844 702
576 804
867 231
335 261
321 735
451 792
362 175
629 384
538 480
871 292
448 198
551 229
457 24
222 792
120 830
871 437
837 229
69 139
495 929
796 590
301 40
84 840
303 385
609 255
617 532
83 144
196 401
440 931
862 618
262 300
409 872
672 802
547 142
167 737
560 771
484 379
77 752
751 295
718 212
777 518
903 66
530 822
859 910
129 795
546 372
923 945
154 249
416 489
384 887
955 512
24 158
915 878
437 510
485 450
323 507
919 703
425 303
564 318
935 177
228 267
502 958
179 329
421 140
919 413
410 437
227 117
355 136
670 561
621 93
35 774
843 943
351 220
573 712
804 883
14 420
507 946
697 742
839 684
524 593
136 274
299 974
468 79
476 466
921 587
403 599
500 472
852 181
763 466
511 248
849 985
787 691
888 46
809 806
590 515
701 890
336 978
10 543
136 942
789 279
628 353
942 239
266 884
324 98
469 935
861 485
220 19
457 999
280 936
923 718
673 663
283 815
984 976
474 354
76 754
862 977
977 377
408 12
707 912
711 968
603 707
340 795
513 255
552 643
77 152
43 264
409 614
751 168
970 601
627 118
424 881
439 582
977 27
315 604
17 774
626 770
741 83
281 717
946 957
324 533
702 326
960 865
225 952
209 339
947 541
530 591
768 376
935 196
24 488
52 46
883 972
178 964
824 46
38 88
97 764
874 988
527 172
948 151
833 81
834 266
824 242
965 564
303 61
431 232
145 55
662 636
396 920
481 383
961 181
320 59
777 596
801 556
969 642
273 139
994 55
207 262
211 195
467 173
877 394
435 395
343 36
779 542
961 983
191 784
857 742
589 955
182 499
37 468
461 520
335 19
853 594
490 40
459 645
27 627
653 283
289 616
219 81
784 743
805 928
940 841
708 317
383 517
997 793
745 304
691 110
13 38
427 836
506 855
949 983
971 771
147 453
507 657
902 439
906 954
745 82
393 837
431 901
458 805
523 191
172 807
907 348
42 311
142 415
374 334
134 367
428 584
47 348
380 177
399 121
241 157
60 823
186 630
446 60
892 84
532 146
342 125
860 762
311 998
664 277
557 694
993 763
835 300
29 381
108 730
255 517
860 873
131 405
32 544
86 391
593 755
721 454
596 566
51 251
786 122
645 309
334 846
425 914
355 337
925 581
307 931
108 15
236 84
147 573
23 470
852 894
501 72
838 441
362 398
969 702
752 58
810 406
94 633
500 272
66 678
595 325
995 767
407 853
915 199
413 376
335 27
339 240
529 864
382 54
534 147
457 861
679 926
149 895
118 540
983 536
605 6
438 151
97 279
681 358
854 815
429 304
993 52
662 166
208 499
44 137
951 445
289 854
825 644
219 149
449 616
727 373
985 846
373 9
841 658
254 953
220 761
771 763
149 307
82 758
48 426
750 697
567 285
950 399
389 188
613 359
849 24
887 213
242 67
632 455
709 123
472 964
932 876
647 651
336 147
467 715
274 839
416 27
521 168
170 6
523 534
825 252
570 615
26 761
189 155
598 57
51 166
344 476
436 500
994 298
98 215
136 488
618 992
861 570
68 191
478 250
962 777
616 407
359 301
105 918
805 83
843 224
572 418
939 661
409 386
736 699
900 264
89 731
643 38
990 371
442 429
25 323
508 702
660 682
456 321
175 847
124 910
602 778
666 111
480 54
23 958
743 79
214 891
876 556
344 677
842 364
538 933
867 819
999 310
345 873
660 496
419 258
992 448
171 741
585 343
660 359
664 866
681 964
955 293
189 793
760 971
778 214
599 850
103 547
162 83
932 595
827 367
846 185
465 226
837 602
220 588
920 938
573 944
816 843
998 423
547 717
553 776
608 493
835 526
756 588
960 949
893 437
346 808
16 560
185 366
207 745
169 339
82 798
122 787
723 586
520 300
177 661
938 999
668 156
140 543
691 293
89 123
397 402
456 850
473 212
661 785
133 424
639 429
862 233
520 106
408 772
575 716
724 266
340 19
822 875
84 24
79 688
790 356
757 255
634 106
373 198
35 325
588 559
741 811
633 946
226 488
743 141
272 729
964 252
1 454
460 691
899 317
634 332
414 314
788 611
438 172
876 928
704 306
266 494
812 483
954 198
413 77
888 62
119 798
634 558
139 94
180 898
71 967
664 975
817 215
802 869
933 508
474 274
777 545
928 691
447 485
55 736
276 187
556 75
542 242
968 803
953 209
347 302
157 33
555 146
830 280
259 232
191 198
904 639
711 527
893 488
868 986
548 773
899 641
989 949
522 952
119 96
212 582
907 622
820 133
415 867
109 74
810 127
259 655
441 752
683 711
29 265
640 722
167 447
1000 656
434 298
805 265
473 816
244 757
299 924
729 103
51 15
254 685
437 774
773 700
154 268
264 452
84 205
965 708
69 415
841 462
3 541
457 501
117 815
785 247
89 738
566 924
715 370
883 756
131 901
294 627
282 27
763 622
163 308
115 994
888 269
26 100
248 172
429 41
896 642
35 206
292 231
790 98
758 854
742 363
544 644
141 454
805 943
667 898
135 232
885 245
503 13
235 388
129 55
872 575
559 513
139 122
803 467
641 412
861 377
257 491
702 807
594 84
78 125
296 754
98 775
889 624
674 348
603 302
71 739
732 458
293 786
928 735
821 131
950 416
663 511
207 825
878 198
327 708
399 203
111 221
354 610
775 348
669 249
337 880
835 241
600 906
30 301
74 869
247 386
618 530
527 380
323 434
273 777
460 201
227 174
85 212
657 563
584 749
307 838
578 471
778 693
322 281
285 899
490 919
389 997
341 412
550 224
878 749
913 563
888 877
575 695
833 60
190 659
786 394
515 728
329 333
554 894
238 767
518 989
957 83
596 277
743 808
264 480
69 371
487 164
236 484
429 672
829 153
362 286
218 794
611 833
353 49
410 168
728 931
311 248
23 804
5 873
491 988
225 232
140 855
658 660
552 431
955 58
404 812
210 15
543 806
805 758
907 12
863 62
159 363
202 970
394 56
158 17
619 257
171 742
484 167
341 538
68 806
347 249
848 322
428 414
180 271
848 465
811 231
741 106
800 660
284 381
753 340
570 770
807 115
829 535
332 81
593 516
651 719
929 993
512 183
622 86
750 11
697 125
169 820
354 360
635 217
781 741
857 327
126 988
147 781
22 651
403 375
706 100
230 878
817 901
450 678
735 243
593 734
813 805
995 94
833 111
982 328
51 214
35 599
770 632
628 804
854 552
902 649
796 132
193 377
195 791
86 646
92 617
240 956
406 487
961 892
520 173
876 248
643 41
917 586
535 15
847 265
408 630
249 924
395 848
628 205
954 449
628 664
477 244
244 225
376 25
989 89
826 226
206 349
903 265
559 731
653 290
107 744
36 292
311 784
63 589
449 809
836 835
249 623
694 289
641 427
583 254
625 964
785 30
931 190
474 319
458 920
898 429
979 682
965 783
214 437
175 945
753 738
626 909
523 165
651 956
300 294
802 32
186 717
636 325
621 535
807 134
812 280
928 485
513 861
915 225
221 826
597 463
246 663
617 257
873 943
932 791
919 558
575 408
356 450
601 723
424 354
230 778
753 35
919 268
226 933
688 850
619 582
361 858
237 549
584 771
70 148
517 305
875 353
89 276
507 549
606 211
45 577
528 677
140 219
696 411
435 433
734 55
221 384
46 56
277 414
645 662
23 142
460 804
580 857
463 71
733 357
74 162
205 908
704 21
558 880
20 615
235 129
918 8
742 332
709 483
144 459
283 944
676 252
917 601
879 658
186 173
780 847
638 239
695 124
128 238
76 748
862 983
462 479
499 207
546 268
896 613
458 956
737 415
320 949
686 464
708 8
581 774
506 928
896 146
111 75
849 214
498 60
646 93
573 979
741 81
372 660
696 686
441 789
753 284
971 421
440 219
919 733
263 709
251 43
109 73
751 878
866 452
169 780
665 919
463 630
483 108
390 340
277 914
60 482
556 543
501 336
856 321
631 352
982 257
558 720
954 793
670 674
549 819
363 472
156 205
517 277
751 261
829 3
614 795
201 437
123 672
269 76
8 94
884 565
331 415
655 121
732 609
239 659
867 398
425 743
976 305
50 204
343 945
933 263
810 722
312 783
844 821
594 928
222 609
922 91
814 101
945 202
441 411
3 508
798 441
309 660
25 197
448 716
236 875
771 624
318 557
724 560
837 767
140 609
294 793
712 103
696 620
578 528
691 819
484 19
637 51
488 86
507 466
570 252
646 57
850 668
816 788
176 435
369 228
329 935
237 214
71 900
888 199
632 540
68 429
583 551
358 798
237 103
919 737
351 483
562 798
119 71
66 113
621 257
307 841
476 848
133 205
319 534
251 164
144 538
877 40
109 190
4 62
423 564
998 936
507 911
678 42
518 579
478 28
298 430
31 660
130 359
499 956
114 905
472 324
455 645
294 525
633 783
260 629
154 400
743 630
268 424
860 307
110 977
252 994
477 126
770 973
232 831
839 944
224 195
80 935
488 728
31 232
838 232
732 875
948 856
906 536
600 269
709 230
767 816
181 445
82 466
546 453
498 37
275 681
955 283
918 909
797 756
674 353
317 853
768 998
461 255
744 485
409 604
713 575
90 171
648 634
955 598
392 312
604 951
147 46
114 391
649 400
838 844
946 552
397 650
181 787
899 728
372 994
952 46
476 820
761 674
248 843
602 434
153 760
207 565
762 828
815 298
28 136
781 454
412 367
913 214
821 965
130 728
204 969
631 978
819 220
757 872
385 673
505 47
123 616
396 138
1 734
878 1000
313 944
903 725
268 76
74 143
865 136
645 602
61 387
540 584
488 677
427 348
895 60
438 855
540 471
500 20
272 309
519 683
577 606
879 958
763 887
582 201
654 714
408 414
392 777
304 117
335 531
345 879
716 810
453 412
968 43
676 868
392 615
889 559
873 82
345 521
163 920
883 9
3 867
722 377
976 486
669 414
561 829
836 469
699 939
973 8
464 24
816 845
101 613
285 6
821 500
648 862
76 141
39 27
846 857
460 44
759 648
748 671
413 354
677 661
184 86
424 581
422 496
816 442
458 479
543 552
285 808
109 100
27 549
882 932
705 869
722 701
483 115
472 192
274 74
403 658
833 217
796 459
464 612
377 325
655 384
199 4
825 429
296 317
163 37
840 954
195 869
627 870
978 984
745 995
781 379
641 260
143 626
572 320
113 429
938 662
264 441
515 928
130 621
545 649
567 249
810 767
156 92
417 667
71 530
23 588
961 746
391 139
783 225
179 597
115 851
232 533
304 130
15 860
103 354
993 810
617 646
337 160
139 80
879 258
275 624
759 808
6 768
229 473
802 867
882 437
257 318
776 987
443 875
6 147
7 238
449 598
510 605
354 749
941 765
559 818
301 606
57 10
311 570
725 955
637 159
765 330
124 54
109 294
100 63
47 528
655 849
513 696
794 646
517 848
961 334
906 473
748 530
160 235
454 909
347 639
354 273
852 528
894 867
364 922
511 837
437 610
804 994
406 322
668 17
230 902
526 115
952 964
592 475
421 399
259 60
44 830
834 440
841 460
514 570
142 491
2 326
130 307
496 351
648 428
26 320
636 611
196 528
739 378
852 59
430 145
123 897
896 789
35 355
608 559
572 74
676 744
757 66
780 447
231 927
838 141
735 543
884 891
595 392
965 6
235 489
92 406
76 819
370 592
872 914
758 14
783 986
736 161
939 736
257 120
314 123
797 638
194 725
69 256
977 346
451 79
733 957
868 644
941 336
472 717
180 338
238 500
372 58
802 105
713 514
932 996
863 528
244 897
262 823
891 331
877 884
894 594
532 49
422 425
595 659
727 181
894 957
855 44
437 676
26 881
652 925
356 308
801 129
30 717
53 372
644 329
97 684
313 479
976 361
32 49
566 562
861 674
371 652
813 831
575 288
62 333
545 885
640 559
36 616
825 485
610 853
866 203
633 556
123 734
700 326
772 203
277 755
893 142
226 221
69 369
288 504
115 514
383 17
259 169
957 450
879 890
600 65
28 506
66 677
966 16
552 228
148 759
737 917
172 205
504 197
785 354
969 413
477 238
23 806
457 834
59 242
63 730
689 778
943 614
125 269
141 488
955 747
615 110
486 166
625 990
184 115
385 143
63 952
10 308
48 79
11 85
584 145
286 217
676 833
738 646
461 109
263 315
343 9
570 447
584 687
138 35
931 482
436 780
898 745
938 458
42 647
189 724
355 724
672 626
820 938
432 603
219 293
985 670
619 172
417 517
74 903
881 285
55 968
938 236
601 969
421 902
750 9
384 572
513 405
34 564
147 783
186 875
871 146
757 401
415 970
17 271
808 558
596 597
407 182
799 848
840 927
611 288
53 618
610 889
829 473
278 321
282 780
302 331
965 996
710 873
995 830
905 169
800 304
89 687
787 554
149 12
957 486
62 730
984 444
325 140
970 115
257 996
774 835
360 968
615 863
434 371
567 920
110 861
534 195
439 5
975 119
633 4
726 116
466 101
927 385
675 504
14 810
54 791
935 954
102 35
853 873
571 47
571 40
522 508
775 994
249 127
263 142
188 648
592 616
457 553
349 587
580 217
703 570
820 616
750 745
38 741
37 958
3 866
20 964
225 694
512 472
217 582
493 273
518 162
684 190
379 214
180 493
901 331
669 191
801 111
740 116
82 906
691 520
178 589
765 647
68 585
142 976
548 883
695 764
75 479
927 137
231 556
906 974
138 539
565 144
622 995
180 178
40 517
242 471
346 585
844 504
973 732
840 955
782 2
662 596
994 444
120 529
706 360
134 769
193 347
981 162
784 674
485 134
571 682
936 303
60 173
44 746
425 888
874 553
849 989
39 781
353 14
66 749
875 129
213 618
549 192
309 875
187 387
602 890
823 278
609 174
936 170
576 81
675 263
289 576
147 734
685 162
159 15
417 484
435 879
628 412
573 557
353 714
871 598
158 845
659 872
72 14
533 143
914 899
440 562
379 380
64 946
694 178
537 245
738 846
134 101
138 104
711 853
693 506
894 341
306 802
924 546
357 501
603 485
949 145
73 902
772 638
518 142
367 812
641 210
245 192
68 981
90 67
328 755
561 570
856 950
949 435
199 308
679 110
422 29
961 333
599 183
513 552
164 684
551 48
790 872
649 56
436 312
165 198
920 581
302 417
142 206
221 687
458 163
574 205
356 710
623 640
936 330
972 440
991 492
829 1
54 514
12 88
679 515
574 303
671 627
982 592
92 706
666 273
259 221
875 109
896 790
633 844
571 404
922 54
425 630
525 123
141 370
19 938
645 802
595 395
390 659
595 449
175 567
567 881
490 167
188 930
764 641
747 341
50 959
640 389
16 883
645 711
297 878
228 966
745 308
230 188
432 195
216 456
663 544
25 884
820 689
311 6
766 173
607 903
546 672
225 653
210 475
708 110
593 154
629 748
388 948
537 376
925 251
821 442
345 497
935 390
963 969
358 909
604 941
403 126
817 700
820 245
362 106
590 411
518 404
743 991
122 999
89 150
17 657
398 54
424 685
557 707
139 898
951 803
143 358
151 827
191 554
468 941
514 611
553 257
806 125
365 483
41 53
313 696
406 367
248 803
959 593
799 780
545 997
804 662
998 87
230 212
80 748
45 630
959 678
212 25
963 646
586 298
344 145
478 316
991 237
430 67
969 307
54 639
663 19
171 817
672 718
710 10
16 34
436 270
738 323
991 631
279 411
369 984
269 292
140 963
328 355
998 13
511 402
376 708
443 146
609 71
572 845
846 276
224 35
798 411
750 930
196 457
234 132
572 828
797 577
708 428
655 679
15 516
254 850
974 107
270 274
779 75
858 448
509 864
111 28
206 768
667 340
637 100
252 198
458 837
816 931
357 269
893 331
18 413
788 201
313 175
8 667
67 266
946 703
379 186
566 322
837 274
574 841
591 693
560 311
877 1000
949 491
846 541
578 391
743 963
869 644
138 612
711 353
714 711
473 83
860 841
312 847
539 528
384 48
796 481
675 238
636 224
492 40
496 43
705 953
463 985
602 607
602 291
710 448
236 37
347 136
582 533
597 108
598 287
446 536
677 132
883 915
956 989
518 582
889 294
480 590
516 149
352 328
830 589
157 977
378 660
732 555
329 72
629 477
187 358
170 888
49 377
219 116
608 744
311 217
576 118
503 925
805 915
135 156
541 953
232 571
632 283
329 209
76 884
551 741
384 191
704 456
813 170
738 965
263 137
253 61
565 809
682 743
342 764
96 376
190 470
798 74
484 247
968 829
573 859
243 360
48 330
713 584
825 902
717 432
186 712
320 842
229 790
363 812
325 165
277 423
672 358
209 362
773 610
310 744
521 383
407 390
425 480
314 726
218 379
77 644
851 933
485 687
364 944
105 852
661 916
378 103
565 433
715 108
787 875
187 567
539 282
887 298
66 968
308 573
183 675
121 235
611 188
57 607
877 417
23 139
121 25
84 907
620 69
379 192
179 953
46 75
783 802
550 747
719 160
509 228
184 959
279 560
895 304
609 399
771 904
295 510
257 884
693 551
713 185
16 935
975 281
907 73
727 328
140 632
16 566
147 428
65 715
651 76
86 675
384 593
114 496
315 595
9 284
375 835
341 991
363 891
533 465
227 211
281 720
344 368
581 549
358 998
53 124
54 431
661 381
789 680
95 721
721 162
425 509
725 554
74 569
191 194
983 358
424 547
82 153
373 576
248 53
941 814
342 197
920 727
575 441
616 166
815 398
252 690
180 151
536 999
352 820
230 821
731 516
92 782
806 86
350 82
740 734
902 709
122 21
531 285
274 334
937 22
190 586
235 943
622 585
160 327
919 243
846 661
528 644
951 126
516 365
352 368
827 52
835 913
892 838
913 847
456 270
93 39
629 405
442 353
885 59
904 534
154 93
266 563
613 721
7 264
743 2
839 751
400 836
555 776
663 349
336 578
79 138
528 64
379 740
505 545
830 228
533 817
782 102
349 656
119 766
818 441
516 816
902 281
251 543
34 251
931 379
25 439
681 768
902 424
171 446
744 396
138 13
517 411
930 33
897 296
355 698
82 670
1000 165
319 95
927 924
548 583
897 345
147 166
441 965
934 134
753 428
716 304
848 120
556 841
850 554
858 233
891 314
859 746
644 420
20 510
375 506
874 847
670 483
13 932
531 91
511 891
113 184
387 179
613 763
265 723
605 557
716 244
574 238
762 918
320 237
602 767
2 441
934 790
609 940
204 567
667 393
501 83
987 916
35 547
52 579
465 181
678 267
743 499
433 364
987 773
1 608
148 753
476 262
684 995
848 718
567 300
196 276
457 832
754 982
597 636
512 946
901 768
573 483
850 168
228 532
64 733
410 505
626 643
328 66
789 187
186 96
208 488
506 773
659 675
570 458
135 320
888 233
745 160
12 635
56 571
965 875
884 285
685 796
814 576
747 751
786 757
200 378
347 253
150 856
137 367
963 23
690 837
485 327
930 180
159 538
273 607
551 772
54 484
189 579
25 738
428 553
982 128
655 794
566 323
949 121
155 716
782 411
125 514
777 57
492 154
19 218
702 125
940 628
194 268
86 262
350 155
830 129
668 36
356 520
910 25
38 500
988 905
943 771
655 335
175 501
458 75
136 715
856 90
683 465
809 164
663 193
60 122
499 522
943 177
343 901
658 835
206 542
206 391
310 353
495 943
525 386
231 929
503 924
48 928
455 793
794 421
903 261
465 281
656 78
659 993
884 790
392 780
528 136
491 730
555 737
663 762
628 713
281 296
29 730
727 423
566 483
471 101
772 870
383 937
635 716
872 650
482 238
413 172
620 708
694 71
57 386
868 749
794 537
58 340
689 325
165 167
569 287
733 532
366 103
993 719
940 338
17 941
768 227
801 255
661 344
744 226
651 670
527 259
893 479
845 348
5 21
977 876
393 243
323 398
711 371
924 156
726 16
857 167
385 58
327 63
659 44
5 311
88 787
147 666
133 403
504 579
568 168
620 273
400 270
610 795
60 312
721 411
417 973
35 618
255 399
112 151
244 956
210 764
514 452
663 229
973 909
283 761
467 4
463 254
685 510
675 428
249 956
602 888
110 895
36 102
535 156
23 872
504 110
732 814
254 62
741 520
674 556
337 306
245 729
338 13
102 114
234 74
931 96
392 808
927 244
50 616
345 840
437 347
522 414
614 104
140 633
544 491
452 315
347 7
480 676
279 902
820 742
197 521
315 594
360 604
906 19
489 715
574 548
332 183
613 2
150 768
63 33
835 24
530 566
632 110
21 541
688 310
503 47
485 480
696 801
489 997
535 824
845 320
77 726
151 563
643 468
569 134
808 714
401 276
773 116
133 479
407 282
781 553
708 607
930 561
553 666
421 170
282 928
249 435
777 797
933 832
897 161
880 379
825 462
865 521
114 575
44 938
317 122
584 843
321 895
749 407
221 734
410 711
891 714
108 176
736 649
364 202
992 611
331 403
259 78
220 757
457 382
914 398
862 488
258 106
938 536
558 801
47 292
430 148
69 188
681 314
115 530
325 467
511 504
131 678
832 809
751 193
434 589
210 36
428 115
215 341
510 307
239 339
442 51
685 21
29 529
619 273
214 535
498 41
322 839
400 611
556 262
918 997
613 499
940 101
858 490
882 468
555 582
809 737
642 557
879 1
920 120
261 320
981 593
637 207
621 586
569 343
337 875
526 615
85 509
525 880
195 341
413 438
698 292
536 183
114 415
367 947
498 830
21 896
893 391
397 610
519 954
924 853
263 805
433 854
690 865
443 943
460 341
855 956
14 68
951 829
398 167
471 951
14 503
843 109
441 807
705 76
133 491
200 88
835 705
621 176
553 400
269 807
667 392
616 560
951 271
282 201
518 893
47 331
196 631
130 389
541 689
391 302
585 865
806 745
697 883
679 775
515 155
755 574
546 871
997 581
28 778
893 660
254 118
537 480
336 559
637 687
215 377
487 756
736 64
345 132
480 270
949 501
765 203
159 342
876 740
891 815
557 191
500 109
289 985
96 461
975 577
688 1
786 754
293 898
220 614
494 125
521 615
519 148
336 107
561 870
490 817
319 114
67 237
911 286
824 432
150 968
379 188
975 788
41 438
707 426
12 952
310 701
829 643
427 499
618 900
985 445
74 612
381 872
627 624
39 294
367 693
248 847
545 165
566 541
145 215
273 922
56 342
900 65
878 434
356 521
217 197
790 624
338 595
729 162
621 148
273 196
592 422
169 507
443 756
171 602
606 139
512 601
995 688
636 678
624 102
918 502
405 289
188 151
616 714
598 622
927 364
395 855
947 418
625 524
41 979
760 277
867 603
447 523
689 60
115 162
135 515
962 960
282 382
767 835
110 578
41 653
963 438
232 588
714 627
823 66
257 421
601 149
724 517
873 453
546 485
855 365
124 729
106 316
862 911
522 330
651 34
341 584
876 863
626 902
57 385
241 492
2 514
501 914
945 960
546 199
489 750
162 220
720 350
519 248
371 718
246 974
318 459
962 719
55 952
833 514
450 114
160 701
513 848
971 444
590 422
919 692
891 229
160 195
416 61
771 366
170 484
423 922
686 996
838 575
51 283
754 230
613 673
91 667
408 923
869 920
856 426
69 532
936 337
294 879
191 765
38 301
658 130
277 552
526 437
140 208
490 160
677 55
770 891
118 781
266 650
321 557
343 936
89 569
145 767
992 934
404 540
315 203
939 917
844 782
906 589
410 284
328 189
814 589
385 42
22 417
90 667
951 124
316 25
556 396
335 495
174 463
68 54
803 61
825 597
558 305
157 360
512 665
965 465
733 853
609 367
437 70
7 234
245 875
11 239
470 832
309 462
818 912
674 20
988 692
113 854
756 648
647 299
225 832
428 611
376 724
124 50
271 55
916 440
846 953
722 635
104 963
375 99
801 8
413 322
34 665
26 793
812 648
835 313
135 268
431 290
686 684
494 390
846 603
407 277
728 482
673 423
644 224
611 367
332 372
122 160
873 680
838 682
697 666
610 845
169 17
445 420
235 784
596 10
942 676
815 646
165 950
577 478
173 491
945 402
728 94
726 761
31 989
258 107
595 754
852 71
785 378
914 542
3 197
942 48
193 759
767 37
244 135
421 975
595 396
978 508
320 549
20 759
721 550
875 797
107 695
884 101
281 374
241 66
220 381
516 818
152 197
478 957
107 981
281 400
390 210
543 424
926 32
108 781
306 965
882 292
720 407
204 312
404 330
171 449
617 17
817 471
376 641
450 152
930 174
329 985
642 538
938 357
902 200
775 346
318 387
600 912
431 736
588 485
769 645
904 444
501 620
835 132
413 294
622 188
789 571
169 962
367 547
319 652
921 968
42 227
377 712
354 305
389 862
697 325
184 368
175 751
311 562
632 989
908 544
450 638
692 126
520 40
539 196
351 930
377 99
982 512
396 227
362 911
19 636
528 738
781 16
819 485
433 354
913 920
550 343
956 26
946 32
684 620
645 754
616 894
466 125
361 337
839 572
770 69
572 985
455 823
611 549
234 112
997 725
747 306
552 292
736 65
202 613
349 754
426 561
82 463
251 588
568 51
55 256
115 45
336 334
621 779
893 102
72 472
167 987
354 830
315 556
392 479
375 916
986 299
419 730
853 115
958 909
74 816
20 190
4 731
481 786
111 932
171 186
698 313
481 899
354 136
949 488
760 938
471 628
130 768
129 755
8 508
209 557
797 164
69 797
203 75
919 625
521 34
460 378
36 728
446 609
933 821
688 349
282 921
883 999
942 684
273 187
610 228
937 108
577 21
317 786
374 301
435 347
952 623
644 877
5 917
64 127
951 571
585 947
69 226
396 22
315 174
957 339
102 362
256 898
896 721
861 247
610 441
594 978
225 157
98 645
867 940
356 886
977 50
485 192
484 254
849 544
127 835
216 28
634 674
746 952
653 348
323 649
875 852
931 70
415 185
940 776
918 563
779 394
638 245
451 237
509 63
257 420
123 632
524 350
543 66
993 319
860 198
897 116
581 501
542 782
104 790
674 414
158 119
826 197
6 59
246 919
232 250
674 497
604 812
447 818
111 162
954 104
676 609
668 727
997 141
951 647
341 937
878 128
720 238
593 112
812 278
925 81
730 955
293 647
259 523
744 115
392 168
66 3
801 220
584 732
217 917
554 508
402 1
811 487
722 694
524 859
446 334
986 835
643 574
60 468
9 818
734 652
200 931
903 897
117 662
283 44
57 655
648 38
74 882
445 496
122 111
782 945
933 11
844 730
814 211
283 330
606 100
164 223
554 963
67 970
114 842
83 489
304 458
356 915
31 905
433 170
236 697
75 637
991 571
614 546
779 635
961 636
130 253
314 782
797 883
338 120
339 177
12 249
909 837
419 201
711 514
370 553
645 859
871 183
103 265
555 702
183 145
918 876
296 555
721 215
454 617
73 735
55 475
993 926
64 950
780 980
875 606
436 674
275 740
703 404
24 36
78 155
299 154
580 57
233 914
660 241
295 76
882 257
683 304
640 109
271 897
115 864
190 211
481 992
660 983
493 130
545 401
503 41
289 156
161 424
761 771
959 202
485 639
215 586
177 69
146 463
900 228
501 425
618 987
583 863
643 538
860 780
19 276
117 761
579 972
672 250
838 683
587 489
515 77
994 493
495 759
728 257
946 328
554 378
711 72
85 974
795 149
45 526
248 614
283 441
212 1
108 178
1 744
735 983
222 190
245 71
123 535
841 320
198 71
880 170
459 553
153 838
176 545
838 119
718 553
184 768
170 831
374 175
46 106
488 738
179 519
254 457
550 522
535 162
701 662
867 658
11 846
272 494
710 972
898 218
702 972
168 419
496 784
462 5
673 730
747 329
276 457
371 77
633 290
12 451
426 493
667 697
979 763
998 181
893 65
196 247
215 181
437 235
419 592
479 608
410 821
160 576
967 719
966 806
213 251
258 865
812 440
941 732
414 20
768 62
401 571
110 183
534 533
630 830
242 87
314 440
315 993
105 469
694 815
548 601
555 247
775 490
669 99
816 165
826 802
177 849
260 424
736 893
63 293
48 962
756 818
62 231
598 21
484 605
378 184
341 52
490 926
551 417
365 334
999 913
695 247
155 432
448 422
526 161
433 566
655 455
252 576
553 261
424 463
44 904
687 982
925 605
968 133
787 932
210 563
209 908
799 665
356 885
613 346
640 834
4 489
236 370
933 340
93 151
685 435
995 743
407 877
653 85
156 595
79 663
178 439
895 6
328 280
1 406
218 916
572 107
184 796
389 817
685 452
779 643
562 17
984 707
508 513
89 993
128 543
778 784
917 273
194 981
957 528
617 551
580 445
743 35
766 384
90 673
296 596
978 112
926 720
931 58
922 347
350 373
254 854
951 212
609 293
447 469
582 528
401 773
495 441
996 370
264 523
337 939
779 220
599 823
11 877
616 168
717 418
812 412
364 539
91 245
872 478
412 161
730 932
667 239
808 870
436 47
511 597
367 977
904 345
812 706
372 889
817 732
949 212
114 272
721 376
594 264
928 190
637 139
87 583
833 247
373 694
134 764
283 210
356 420
107 26
658 506
933 820
723 736
782 43
382 527
765 337
352 622
313 728
8 170
597 104
340 7
83 466
255 404
331 605
984 385
378 656
681 487
131 962
667 180
272 175
605 320
642 458
609 138
352 426
681 261
870 876
24 700
352 25
980 395
875 674
270 897
73 337
129 455
205 340
318 909
444 728
874 5
893 807
894 64
567 42
699 740
736 110
129 112
628 52
249 949
872 638
10 213
907 33
68 99
625 717
997 938
727 273
855 476
622 94
695 311
219 102
205 565
292 762
85 593
600 811
225 223
158 135
914 645
949 184
362 610
237 886
698 504
350 687
884 483
133 843
579 407
925 191
858 194
118 514
114 82
902 145
261 23
190 135
265 44
30 364
364 654
366 324
596 801
38 208
674 835
397 680
180 8
365 244
147 961
811 486
498 983
797 135
564 182
857 164
368 439
29 430
143 346
769 799
225 895
614 999
853 1
748 857
662 617
377 425
662 728
496 297
269 634
649 963
286 700
822 786
133 298
847 325
60 25
321 547
430 127
992 952
184 869
158 517
326 847
383 266
388 438
59 192
620 556
672 633
529 800
14 920
419 200
348 34
691 311
174 354
177 398
969 186
680 291
656 312
917 442
404 227
727 471
608 69
7 87
965 479
659 732
508 158
570 385
309 347
183 438
814 524
604 160
72 273
87 649
591 474
281 555
923 916
802 884
234 525
343 189
612 277
92 143
147 142
313 122
777 779
669 237
697 220
401 495
792 200
886 760
704 916
669 158
427 287
218 565
216 190
602 265
208 910
104 207
527 401
808 717
646 861
809 660
522 819
230 862
800 945
947 770
749 114
911 999
473 143
292 313
602 754
445 49
28 95
29 434
715 191
716 204
668 111
691 438
178 223
804 639
145 46
787 907
668 992
779 811
890 26
657 139
514 564
715 413
734 395
93 257
192 126
946 298
247 536
127 102
58 603
974 549
153 837
652 281
871 359
339 110
766 651
162 525
235 193
988 385
36 54
878 789
314 688
222 985
407 697
926 987
358 137
643 342
568 999
730 680
628 635
22 464
10 568
874 187
179 695
917 717
92 108
702 973
520 729
405 57
889 798
304 164
638 163
430 996
127 698
794 636
920 302
149 68
617 682
951 243
257 483
524 359
85 823
431 799
253 481
200 243
823 821
510 528
612 568
986 484
198 905
739 705
624 47
916 120
52 520
180 307
623 9
879 115
556 950
956 734
677 710
894 596
826 476
864 519
206 634
389 186
363 633
551 66
955 801
373 544
449 112
69 807
179 283
843 768
865 840
128 734
468 827
715 202
199 53
576 564
758 300
751 720
809 914
104 114
411 218
340 236
737 592
244 576
49 630
1000 914
286 869
880 120
663 185
494 988
867 322
944 997
232 919
207 939
800 409
196 626
514 395
550 341
738 237
810 558
64 388
246 583
283 674
529 206
326 772
553 192
537 715
386 169
280 604
177 244
982 851
72 798
698 574
252 160
3 432
300 246
355 899
656 102
875 874
219 974
510 195
116 126
499 110
798 412
509 25
461 918
867 879
998 199
125 105
953 454
440 751
719 811
232 369
489 358
663 944
537 365
393 872
683 379
96 869
337 827
765 411
103 788
472 606
768 27
988 638
592 831
145 668
584 339
488 456
227 807
517 120
332 73
356 327
104 248
530 396
161 343
769 528
887 142
464 734
18 203
97 706
242 429
61 871
243 892
83 915
88 827
51 177
643 597
60 417
687 772
526 130
985 92
624 812
308 695
717 557
133 460
908 966
213 894
655 331
130 322
991 291
762 25
389 739
486 681
785 38
205 783
300 549
31 919
163 359
861 836
148 657
974 541
830 705
983 721
895 37
219 524
419 94
168 350
454 206
177 16
197 221
516 583
222 544
270 902
774 502
741 609
559 592
104 634
824 787
110 560
275 605
954 154
978 228
485 52
214 594
72 103
825 687
536 310
793 137
281 477
637 402
113 734
355 617
707 220
342 353
234 534
608 375
826 178
241 370
650 100
29 105
603 12
246 636
856 928
748 662
693 51
181 975
807 15
609 780
95 777
437 742
26 691
706 209
820 89
180 184
990 649
131 468
612 155
43 640
762 744
251 357
252 281
950 863
701 347
539 352
904 35
496 475
390 877
852 840
624 935
92 581
899 249
592 389
947 102
754 523
285 659
303 769
895 251
363 26
862 496
278 65
110 912
700 106
499 667
481 164
616 809
671 699
72 967
194 988
281 125
944 651
770 942
749 900
50 386
382 204
276 320
719 92
188 916
617 766
727 609
110 605
799 617
723 390
792 862
263 91
763 921
57 547
162 426
435 994
8 796
7 86
414 108
368 810
665 434
650 294
963 181
584 62
38 571
863 961
479 927
315 598
30 431
453 812
43 32
741 89
744 179
217 725
540 286
740 135
975 856
337 668
670 238
319 772
13 729
560 655
91 941
458 632
665 731
5 117
172 746
891 130
998 858
144 679
623 315
970 275
336 47
4 947
227 10
908 729
468 800
877 60
865 668
826 650
866 335
919 443
575 309
963 559
602 373
19 391
313 678
662 809
108 29
313 791
887 261
544 149
261 896
326 804
557 1000
3 210
870 632
800 382
231 182
527 965
876 169
770 858
900 713
701 808
170 938
173 377
583 306
663 122
261 982
634 509
718 606
166 769
996 772
799 251
124 975
946 600
20 754
760 619
437 373
675 438
513 311
691 555
262 226
641 491
860 25
275 661
6 118
814 553
232 165
394 156
658 552
664 210
424 855
620 882
594 367
215 462
543 314
146 322
773 601
971 539
493 211
43 12
367 574
264 847
906 130
925 102
873 845
893 274
308 152
699 601
208 988
797 44
670 202
13 765
855 858
511 512
14 880
167 372
557 684
743 981
725 698
941 781
731 345
866 480
875 865
431 432
895 639
566 616
304 840
908 379
342 964
860 897
937 228
5 668
388 276
986 930
730 437
236 78
93 499
311 444
425 809
524 531
231 325
273 365
274 574
64 22
218 995
202 428
184 687
116 298
667 170
158 563
828 479
832 922
763 754
989 76
297 658
357 154
282 358
619 467
948 983
58 449
499 113
651 348
228 967
653 390
729 800
305 446
751 462
651 173
836 231
51 245
304 63
513 140
788 258
590 914
99 917
343 6
310 629
25 971
559 770
699 903
958 944
81 428
872 433
47 755
599 934
216 693
720 261
833 570
726 303
952 472
275 693
340 799
319 860
450 925
12 948
659 211
240 489
493 985
49 806
977 694
302 483
892 455
147 754
956 868
958 302
216 5
762 970
36 794
257 723
365 594
832 169
227 689
959 704
164 166
221 435
97 141
486 825
951 705
634 16
79 954
705 511
500 237
158 345
124 785
250 468
418 680
406 486
495 938
371 376
923 8
814 58
541 770
603 933
340 709
123 831
608 861
880 978
989 80
75 688
690 335
608 972
864 422
521 971
797 910
754 627
174 439
803 5
20 793
467 363
702 789
884 88
760 102
91 90
301 848
200 151
556 202
704 637
579 379
872 655
798 155
86 665
587 186
685 891
890 553
927 962
472 652
275 427
977 69
579 409
228 73
891 411
343 979
273 574
111 284
169 637
647 336
925 46
512 253
52 174
843 749
203 778
939 158
722 546
800 824
782 376
568 196
859 327
117 625
541 239
228 318
696 104
454 808
991 211
522 748
35 819
971 111
790 673
38 442
363 255
218 534
437 808
739 104
795 138
726 870
340 37
417 960
517 329
424 24
80 682
305 779
658 785
805 206
520 882
995 720
669 139
72 930
253 550
624 134
186 627
387 330
453 235
870 959
266 537
712 553
550 715
511 451
277 135
344 540
901 818
336 604
244 125
462 44
818 316
215 934
325 284
348 211
186 178
663 676
7 448
621 962
564 899
231 678
90 534
111 892
497 568
208 437
206 928
408 23
657 633
733 849
517 644
628 185
404 451
208 324
155 847
779 137
65 824
497 794
149 369
868 895
923 918
660 99
555 383
118 519
328 603
683 467
744 195
255 613
321 310
539 688
767 151
759 277
493 944
691 621
697 444
721 326
668 331
193 109
122 829
478 682
402 243
518 717
192 803
85 24
602 370
966 682
878 735
278 401
706 468
454 960
446 587
620 370
731 907
607 116
64 156
562 695
982 760
752 9
257 539
19 612
224 466
813 518
988 492
303 254
79 327
559 471
504 177
489 86
69 167
456 308
221 108
187 420
960 228
11 754
692 731
867 854
666 58
560 521
742 353
176 770
822 649
749 871
755 726
738 408
304 8
897 919
35 342
12 473
934 73
25 204
188 552
799 24
488 786
909 584
551 683
387 866
542 826
824 699
896 216
36 471
849 152
647 101
180 366
409 591
176 334
363 972
659 619
57 445
812 176
806 114
540 557
885 780
675 213
462 631
87 350
489 571
398 287
988 523
911 843
846 921
939 73
237 604
155 742
124 193
829 634
730 463
628 83
622 51
803 887
697 472
956 864
75 412
807 935
222 349
539 525
248 824
549 764
731 713
454 880
113 178
792 627
995 44
84 277
998 929
437 504
363 310
588 933
4 182
244 723
913 114
690 141
794 726
493 568
745 982
779 841
90 468
605 599
75 984
998 286
758 127
835 994
840 728
988 496
991 751
685 432
614 542
101 697
597 804
766 699
328 283
36 84
183 903
280 606
500 57
71 722
936 873
990 444
168 499
386 342
558 32
452 521
175 720
489 185
110 683
366 529
572 836
500 991
873 323
447 752
691 98
989 365
149 102
498 264
655 684
414 26
950 120
456 236
510 419
480 754
444 789
194 928
589 361
264 526
651 906
899 17
428 257
176 362
192 70
751 245
772 942
55 546
25 635
246 999
793 476
800 575
30 484
358 977
843 627
54 510
468 243
405 640
869 427
644 817
616 675
345 327
203 865
424 594
370 392
632 577
355 954
531 927
552 880
593 298
351 462
959 783
707 318
178 560
787 314
619 219
134 755
49 805
639 648
804 979
363 389
933 817
455 429
939 480
718 936
43 580
505 69
855 701
870 694
796 781
302 194
797 109
445 562
886 396
139 501
157 938
481 856
783 678
136 559
323 623
984 307
871 62
212 151
163 820
76 796
686 113
202 562
7 479
559 594
263 113
466 895
345 886
181 408
621 351
120 262
525 751
693 637
140 595
785 642
453 532
993 999
815 974
564 718
985 951
196 202
367 163
993 592
546 192
432 992
181 43
242 11
264 697
318 460
891 410
894 515
398 292
350 573
976 124
998 557
378 426
394 439
379 95
548 788
65 812
691 528
449 397
61 771
825 240
902 950
579 839
302 546
513 214
105 716
497 713
587 368
761 581
568 35
401 227
400 501
218 612
792 683
406 703
501 243
308 488
580 484
485 906
624 842
878 691
383 243
705 15
749 318
199 797
561 475
670 878
587 188
865 306
576 139
745 772
766 658
32 573
641 961
878 892
37 292
559 419
84 769
303 609
314 778
361 301
107 305
435 710
2 959
222 514
978 420
444 520
410 392
374 969
68 172
159 247
127 643
202 598
421 776
642 153
949 598
680 437
759 23
120 290
980 648
551 535
312 500
609 354
861 352
521 704
774 242
100 371
103 632
987 45
228 896
600 778
233 807
159 587
149 481
299 444
950 765
591 709
226 539
274 277
707 472
156 370
873 992
273 682
995 341
152 729
464 283
455 87
648 793
723 25
481 568
482 467
467 637
727 7
694 528
608 401
184 345
442 837
653 617
558 550
455 373
57 574
423 667
635 505
726 784
360 649
550 66
706 324
156 677
909 392
292 421
165 945
523 42
196 949
145 333
734 25
663 7
667 192
168 841
999 175
819 317
433 202
508 650
219 729
571 428
266 570
616 573
654 617
178 286
219 630
736 348
235 923
650 900
377 111
512 941
8 579
399 747
422 824
866 578
480 393
281 200
380 658
658 830
480 376
922 323
391 900
546 223
33 744
585 395
162 311
456 241
614 14
121 747
572 630
186 425
684 88
747 385
247 539
752 942
898 538
556 34
246 920
483 502
27 917
416 301
878 205
708 210
525 874
588 482
826 475
510 832
6 289
377 953
677 596
878 47
694 901
167 374
981 814
963 751
678 838
402 69
49 824
543 888
394 673
201 581
255 670
937 345
296 367
65 54
818 716
891 910
764 368
783 318
36 657
679 505
517 494
333 15
49 538
342 565
291 549
900 393
406 470
227 663
815 126
321 718
231 327
753 707
476 366
810 410
888 598
602 536
509 466
513 885
84 411
222 809
45 784
942 486
619 183
432 347
395 801
608 708
678 492
532 923
504 61
547 419
660 774
533 575
559 712
654 756
988 134
555 923
239 268
665 221
59 122
405 90
888 18
444 560
873 322
140 729
716 824
309 766
607 717
849 473
334 163
462 404
154 973
394 92
124 691
234 287
510 416
940 71
493 3
732 417
399 274
974 482
43 332
119 505
963 143
727 254
547 844
24 143
940 86
854 743
584 455
311 123
971 569
167 421
189 604
30 372
472 976
626 209
316 577
815 617
691 567
531 926
74 543
248 998
85 253
315 403
915 428
556 586
874 905
565 308
161 694
156 746
904 10
619 599
672 976
602 299
839 74
307 77
18 1000
189 113
467 275
430 389
801 631
236 428
188 79
545 131
281 830
636 589
602 589
415 352
531 459
79 791
960 15
836 754
414 430
306 145
714 18
880 246
763 113
315 165
774 635
334 370
906 677
927 507
654 545
954 327
457 869
519 669
63 737
581 100
508 400
549 390
702 904
188 610
420 200
393 606
709 192
712 892
968 454
400 530
149 121
152 147
449 983
909 655
72 106
202 789
320 932
101 225
414 134
826 57
1000 761
336 446
931 393
346 107
399 231
220 576
208 120
669 261
891 413
894 55
531 732
509 638
260 334
618 718
657 726
158 421
350 973
665 535
895 701
692 504
35 983
471 535
493 955
283 24
481 531
423 912
263 875
964 756
469 50
307 139
350 239
167 399
26 545
977 519
778 624
657 897
30 925
622 859
950 850
844 497
445 410
691 350
832 282
503 388
164 486
790 534
368 137
352 526
688 988
748 228
75 786
684 892
701 58
671 133
838 509
624 41
643 225
183 808
274 516
350 299
634 126
615 438
787 702
438 926
314 664
791 158
387 332
102 267
875 9
657 350
418 714
1 466
629 42
442 196
458 582
124 934
803 197
279 989
555 804
3 397
261 657
466 692
95 345
923 556
357 824
269 626
438 43
362 785
129 80
132 552
993 913
528 658
774 107
394 20
159 276
641 61
381 132
881 609
54 133
937 791
629 543
171 475
320 831
82 690
231 229
825 938
608 278
189 531
356 36
873 854
217 730
808 915
117 817
81 379
337 657
181 101
937 578
792 379
955 793
218 295
75 498
520 325
282 568
730 186
549 710
108 378
493 816
705 968
720 254
515 603
56 276
260 870
28 202
766 834
378 899
142 326
37 20
365 391
994 89
499 941
889 373
597 44
448 125
322 602
16 273
476 395
934 177
192 114
447 794
925 918
213 932
44 515
148 741
520 784
390 622
597 782
859 217
528 267
50 195
876 315
678 449
202 262
559 326
250 522
954 461
341 821
885 180
559 311
343 680
514 116
760 194
316 91
379 939
701 627
7 38
328 957
182 8
439 923
150 618
297 998
615 290
584 206
949 986
570 417
423 819
76 410
250 570
924 744
466 614
545 342
752 830
893 739
492 633
755 133
595 556
972 51
604 934
199 386
976 69
777 180
160 146
12 915
61 750
118 481
768 595
724 806
839 323
640 283
808 685
113 39
956 637
796 406
608 786
321 50
394 686
89 14
491 366
308 296
638 254
994 283
443 515
687 876
778 520
411 33
543 776
923 558
734 329
558 763
223 45
999 927
673 429
827 726
499 99
316 81
785 62
895 815
511 214
499 566
611 845
784 205
597 802
144 530
491 827
577 831
480 72
721 473
175 621
93 948
790 26
278 878
874 155
414 382
537 489
500 985
681 586
476 692
831 600
499 227
547 17
704 532
462 260
603 262
430 742
633 469
8 934
190 434
494 82
362 523
209 244
957 222
751 616
169 518
543 680
257 508
15 539
345 325
471 669
102 853
414 615
826 623
522 868
601 805
782 274
986 873
734 523
712 281
442 907
973 605
591 978
725 460
763 9
251 349
346 635
481 720
718 942
83 757
503 592
288 431
756 183
334 550
26 287
411 299
462 157
374 342
835 960
204 29
150 103
425 548
891 606
343 626
589 886
71 547
918 120
671 848
395 221
275 899
116 47
542 711
282 377
603 983
262 266
604 260
605 125
789 374
966 566
291 378
295 418
423 361
963 332
105 84
824 646
676 879
399 448
760 984
979 694
836 85
432 787
416 392
272 771
238 459
457 672
632 274
688 230
530 699
362 623
716 658
988 687
350 656
531 503
869 124
851 737
980 955
711 649
57 100
6 468
260 335
299 483
372 811
503 67
506 741
215 719
248 916
890 591
938 543
319 893
835 966
434 473
750 51
351 44
958 28
636 174
907 974
216 289
762 187
894 537
93 112
701 486
839 408
772 555
687 804
339 650
412 326
364 887
415 545
714 853
307 473
914 275
577 459
705 190
379 162
853 366
141 98
934 929
857 660
544 188
330 316
349 112
978 640
316 383
852 409
896 691
150 242
390 685
637 526
414 295
366 604
371 198
614 262
742 459
338 5
339 292
253 246
490 216
441 500
446 468
297 888
45 138
960 906
750 945
655 897
120 292
599 660
124 756
428 668
727 304
720 418
495 508
445 873
696 715
141 427
107 780
792 94
890 641
85 481
12 793
308 128
815 691
584 367
843 650
204 64
722 517
467 654
394 568
750 207
189 357
28 37
835 463
144 554
75 66
277 770
830 246
411 68
506 74
617 992
87 763
643 401
421 35
615 555
493 888
799 786
469 41
909 334
765 884
500 896
494 435
425 817
505 3
795 946
948 443
142 502
805 30
364 194
718 785
354 222
459 606
524 762
456 680
3 551
226 271
411 384
336 797
432 256
145 621
573 357
625 121
651 423
27 577
174 272
214 845
324 133
841 53
736 205
404 797
488 902
196 479
641 382
166 999
962 690
931 149
491 712
291 306
475 49
390 58
604 110
586 549
788 473
590 37
560 72
134 63
285 417
180 649
595 958
797 566
929 780
285 82
234 618
29 684
85 8
406 846
522 111
153 700
254 852
860 601
445 797
933 568
535 852
440 131
169 971
612 121
852 712
462 788
782 311
415 842
61 54
547 671
165 287
717 802
616 139
288 166
459 911
411 171
156 997
105 795
805 464
493 676
39 536
501 169
662 554
365 618
648 457
766 974
895 814
566 986
771 510
938 597
226 323
968 171
866 915
300 973
482 936
726 646
784 898
710 379
700 46
244 146
581 253
178 256
629 225
709 89
250 670
370 619
337 370
466 150
585 468
56 742
16 984
534 382
370 333
354 838
194 959
15 703
767 538
238 300
138 214
837 616
812 414
180 365
56 947
574 533
287 367
677 788
308 201
772 568
720 249
186 685
952 324
225 897
265 58
789 129
234 721
698 424
971 392
94 585
366 434
403 420
63 502
898 694
213 453
927 665
384 567
337 617
601 804
105 725
587 329
398 24
866 384
26 715
299 565
230 795
265 357
229 700
431 80
136 539
237 353
130 573
772 124
41 398
187 366
887 427
243 432
166 310
334 948
174 797
236 430
553 500
700 381
294 714
329 928
834 503
122 453
714 129
143 915
766 726
22 192
942 401
840 759
326 202
115 549
331 544
79 902
908 163
232 775
339 45
106 864
162 590
805 776
115 978
151 349
542 693
158 674
966 277
36 218
476 1
439 143
885 363
593 859
306 576
348 203
276 280
573 542
478 834
337 350
899 288
842 481
435 909
115 97
171 723
334 189
262 174
319 299
51 905
430 656
548 339
879 355
185 851
229 58
780 958
767 574
181 135
698 19
699 822
270 176
721 914
78 305
521 179
46 979
584 406
380 41
765 663
333 349
760 695
907 658
713 711
454 755
733 668
773 357
759 668
898 994
939 146
833 395
947 703
506 341
734 597
954 573
425 169
133 248
445 182
692 105
611 379
105 834
472 123
550 202
882 698
886 850
326 389
678 110
74 443
717 716
44 846
615 513
227 320
688 990
289 567
209 600
574 318
635 316
193 449
782 811
650 575
886 495
706 513
563 952
89 2
308 805
809 280
884 708
496 525
278 53
301 492
340 374
322 905
699 313
278 932
433 427
266 916
158 670
978 419
559 642
762 506
727 636
528 94
103 262
567 151
325 280
954 200
96 48
489 7
515 505
546 257
50 752
417 211
590 974
538 685
722 190
869 189
176 166
584 35
166 918
518 234
149 381
632 72
287 515
558 304
632 414
324 516
632 525
9 228
854 412
181 814
772 647
403 476
479 354
388 136
669 9
90 360
549 708
807 780
16 703
372 405
820 425
605 685
204 950
667 310
435 200
429 599
451 931
364 172
535 759
95 300
762 976
784 761
304 664
634 33
250 310
197 493
110 966
81 42
615 779
562 405
302 104
892 856
895 107
239 535
535 74
205 931
480 174
260 676
541 853
28 648
586 110
608 682
221 153
205 564
947 165
617 588
465 719
87 116
931 950
128 953
115 827
336 572
543 237
528 186
582 269
250 746
234 151
936 943
331 935
850 77
686 287
33 749
106 493
215 990
510 395
646 889
974 26
885 581
333 404
275 265
681 782
461 206
944 232
564 641
986 351
219 420
94 816
829 803
976 793
868 799
601 700